0 0.06218749999999999 0.8503333333333334 0.0590546875 0.04554166666666667
0 0.0714140625 0.6731111111111111 0.064671875 0.04476388888888889
0 0.03715625 0.9341250000000001 0.0256796875 0.030597222222222224
0 0.06218749999999999 0.913513888888889 0.010921875000000001 0.013333333333333332
0 0.21853125 0.9814027777777778 0.0399765625 0.03113888888888889
0 0.2921328125 0.9639444444444444 0.0395859375 0.042305555555555555
0 0.0874921875 0.6247638888888889 0.052554687499999996 0.025916666666666668
0 0.1943828125 0.6087222222222222 0.0192734375 0.015208333333333332
0 0.22526562499999997 0.780513888888889 0.02890625 0.021125
0 0.6349296875 0.9663611111111111 0.0430390625 0.04829166666666667
0 0.601484375 0.901888888888889 0.0666171875 0.033888888888888885
0 0.598953125 0.8462638888888888 0.030765625 0.025986111111111113
0 0.47521874999999997 0.9374027777777777 0.036765625 0.034861111111111114
0 0.4308203125 0.9192777777777777 0.0557734375 0.06869444444444445
0 0.4771015625 0.8716527777777778 0.054656249999999997 0.07220833333333333
0 0.3491953125 0.8792777777777778 0.0112421875 0.021291666666666667
0 0.40454687500000003 0.8053333333333333 0.08344531250000001 0.05363888888888889
0 0.41409375 0.7092638888888889 0.06917187500000001 0.05318055555555556
0 0.3891796875 0.7201111111111111 0.0122890625 0.014388888888888889
0 0.4628203125 0.7713055555555556 0.019039062500000002 0.023249999999999996
0 0.4951484375 0.8064027777777778 0.0201640625 0.021555555555555553
0 0.5453281249999999 0.8113888888888889 0.0409453125 0.08288888888888889
0 0.5568359375 0.7799305555555555 0.0171171875 0.021111111111111112
0 0.5397968750000001 0.7560416666666667 0.018320312499999998 0.016680555555555556
0 0.515328125 0.6839583333333333 0.078484375 0.071
0 0.43855468750000004 0.5625 0.01221875 0.012902777777777777
0 0.6832109375 0.7820833333333334 0.0215234375 0.021972222222222223
0 0.6643984374999999 0.6669722222222223 0.016625 0.015375
0 0.5956953125 0.6224722222222222 0.012046875 0.013069444444444444
0 0.741171875 0.6381666666666667 0.03796875 0.021638888888888888
0 0.7791953125 0.6377361111111112 0.0196875 0.013930555555555555
0 0.7672421875000001 0.7069861111111111 0.019523437499999997 0.016666666666666666
0 0.7343515625 0.8375694444444444 0.0179140625 0.033694444444444444
0 0.699171875 0.8124583333333334 0.0168671875 0.02113888888888889
0 0.7290546875 0.8065416666666667 0.015671875 0.017277777777777777
0 0.7487890625 0.7655277777777777 0.021124999999999998 0.03051388888888889
0 0.7668437499999999 0.8159583333333333 0.0411875 0.044097222222222225
0 0.8116015624999999 0.8424861111111112 0.03509375 0.019569444444444445
0 0.7574921875 0.8598194444444445 0.0141484375 0.017722222222222223
0 0.8778203124999999 0.7529166666666667 0.030203124999999997 0.01611111111111111
0 0.9156875 0.775513888888889 0.009031250000000001 0.012277777777777778
0 0.8399609375000001 0.481 0.032125 0.027875
0 0.93196875 0.4798611111111111 0.013367187499999999 0.01875
0 0.9685078125000001 0.48220833333333335 0.029328125 0.015458333333333334
0 0.8463359374999999 0.8581111111111112 0.005734375 0.00976388888888889
0 0.878546875 0.7094166666666666 0.011109375000000001 0.014694444444444444
0 0.915125 0.6754722222222221 0.008546874999999999 0.01411111111111111
0 0.41986718749999996 0.662 0.012703125000000001 0.012277777777777778
0 0.5331796875 0.4900555555555555 0.050015624999999994 0.026152777777777775
0 0.46266406250000003 0.5291527777777778 0.01615625 0.011222222222222222
0 0.4430546875 0.5315 0.012859375000000001 0.013652777777777778
0 0.3098125 0.7993333333333333 0.013343749999999998 0.016541666666666666
0 0.34483593749999997 0.5355833333333333 0.01128125 0.012194444444444444
0 0.339890625 0.5965833333333334 0.005554687500000001 0.009333333333333332
0 0.347953125 0.6597361111111111 0.007640625 0.007972222222222223
1 0.49963281249999997 0.5 0.9992734375 1