0 0.395765625 0.8595277777777778 0.05434375 0.03769444444444445
0 0.398171875 0.89825 0.043109375 0.027305555555555555
0 0.3716640625 0.6741805555555556 0.0375703125 0.04461111111111111
0 0.333 0.7695277777777777 0.0250546875 0.026541666666666665
0 0.28390624999999997 0.7787361111111112 0.026976562500000002 0.02098611111111111
0 0.47141406249999995 0.7895000000000001 0.0330078125 0.020847222222222222
0 0.5014921875 0.8337222222222221 0.0161640625 0.023708333333333335
0 0.50390625 0.862236111111111 0.0177734375 0.01801388888888889
0 0.4984453125 0.9722083333333333 0.0447265625 0.052
0 0.5477421875 0.9160138888888889 0.036789062500000004 0.05027777777777778
0 0.5840390625 0.9096666666666667 0.025960937499999996 0.03301388888888889
0 0.6048984374999999 0.947388888888889 0.025960937499999996 0.02745833333333333
0 0.5408046875 0.7544861111111112 0.011359375 0.012416666666666666
0 0.084375 0.6824722222222223 0.0366875 0.016694444444444442
0 0.0075625 0.6334722222222222 0.01140625 0.024805555555555556
0 0.0621484375 0.6319027777777778 0.0763125 0.02626388888888889
0 0.0735 0.6088749999999999 0.049875 0.022986111111111113
0 0.11071875 0.6239166666666667 0.010453125 0.012527777777777777
0 0.145578125 0.6200694444444445 0.0378125 0.022555555555555554
0 0.10707031250000001 0.6018055555555556 0.012140624999999999 0.008875
0 0.1379140625 0.5954583333333333 0.034687499999999996 0.020430555555555556
0 0.19503125 0.5865416666666666 0.058437499999999996 0.025416666666666667
0 0.6295468750000001 0.8653750000000001 0.021359375 0.02770833333333333
0 0.649640625 0.891625 0.007640625 0.020874999999999998
0 0.6642812499999999 0.85575 0.027296874999999998 0.025569444444444443
0 0.675796875 0.902888888888889 0.0227265625 0.024013888888888887
0 0.6946484374999999 0.8819166666666667 0.01871875 0.017444444444444446
0 0.8767421875 0.862236111111111 0.02034375 0.022569444444444444
0 0.9458125000000001 0.9760555555555556 0.0089609375 0.017486111111111112
0 0.9622578125000001 0.9623611111111111 0.012968750000000001 0.022041666666666664
0 0.8157734375000001 0.8955416666666666 0.017125 0.022625
0 0.6193203125 0.5145833333333333 0.0426171875 0.02816666666666667
0 0.58121875 0.5534583333333334 0.0145390625 0.00963888888888889
0 0.88584375 0.5085138888888889 0.024335937499999998 0.02318055555555556
0 0.9311718750000001 0.5028194444444444 0.0181796875 0.017472222222222222
0 0.96478125 0.5040277777777777 0.0167421875 0.024180555555555556
0 0.9928984375000001 0.5105833333333334 0.013015625 0.017333333333333333
0 0.5826171875 0.6967222222222222 0.017343749999999998 0.015527777777777777
0 0.6058046874999999 0.7655416666666668 0.014296875 0.021972222222222223
0 0.764875 0.8419861111111111 0.025062499999999998 0.02313888888888889
0 0.8318984374999999 0.8230138888888889 0.047453125 0.02398611111111111
0 0.81565625 0.7937083333333333 0.021374999999999998 0.015555555555555555
0 0.7283359375 0.8312916666666667 0.0315546875 0.03597222222222222
0 0.73684375 0.8054722222222223 0.06589062500000001 0.04480555555555555
0 0.6386093749999999 0.7028472222222223 0.053765625 0.03952777777777778
0 0.646953125 0.7522083333333334 0.0330703125 0.044361111111111115
0 0.6843359375 0.7649722222222222 0.0321171875 0.03451388888888889
0 0.70940625 0.6914305555555555 0.027703125000000002 0.050944444444444445
0 0.9228125 0.8028750000000001 0.0101796875 0.010888888888888889
0 0.95728125 0.7947916666666667 0.016523437499999998 0.013791666666666666
0 0.9819921875000001 0.7345 0.020023437499999998 0.015097222222222222
0 0.9220312500000001 0.7751111111111112 0.0199453125 0.02238888888888889
0 0.8044687500000001 0.6752083333333333 0.014343749999999999 0.013083333333333334
0 0.00834375 0.9887638888888889 0.013515625 0.022472222222222223
0 0.165546875 0.948125 0.007015625 0.009444444444444445
0 0.176171875 0.9509305555555555 0.0063281249999999995 0.011152777777777777
0 0.487703125 0.5607638888888888 0.009578125 0.011347222222222222
0 0.555875 0.5545694444444444 0.0080625 0.00811111111111111
1 0.5 0.49930555555555556 1 0.9986111111111111