0 0.7171015625 0.7744444444444445 0.01965625 0.020958333333333332
0 0.6518203125 0.6494027777777778 0.025070312500000004 0.024763888888888887
0 0.68928125 0.6696388888888889 0.041921875 0.026111111111111113
0 0.4771640625 0.7039861111111111 0.0248046875 0.034277777777777775
0 0.5848671875 0.7198611111111111 0.027984375 0.017374999999999998
0 0.62065625 0.7221666666666667 0.031492187500000005 0.04688888888888888
0 0.32515625 0.6804027777777778 0.0251171875 0.031
0 0.3345 0.5827222222222223 0.026453125 0.02309722222222222
0 0.375046875 0.601486111111111 0.01878125 0.01673611111111111
0 0.44709374999999996 0.5164861111111111 0.0841171875 0.07734722222222222
0 0.5645156250000001 0.4816944444444444 0.08871875 0.044875000000000005
0 0.6452734375 0.5113055555555556 0.070703125 0.07840277777777778
0 0.7253984375 0.573375 0.024742187500000002 0.05611111111111111
0 0.786015625 0.5533472222222222 0.0678828125 0.0665
0 0.9090624999999999 0.6004583333333333 0.1771640625 0.10343055555555555
1 0.5 0.5 1 1