1 0.5 0.5 1 1
0 0.24591406249999997 0.4943194444444445 0.10396875000000001 0.03959722222222222
0 0.062320312499999996 0.5614722222222223 0.044671875 0.029208333333333336
0 0.012921875 0.7986666666666666 0.025265625000000003 0.034555555555555555
0 0.24834375 0.8233611111111112 0.07600781250000001 0.04438888888888889
0 0.3146171875 0.8319444444444445 0.030984374999999998 0.024652777777777777
0 0.32716406249999996 0.9801944444444445 0.0113125 0.02588888888888889
0 0.4358359375 0.9379027777777778 0.0128359375 0.027055555555555555
0 0.47085156250000004 0.9495277777777777 0.0366640625 0.042291666666666665
0 0.540109375 0.9545555555555555 0.0921640625 0.09087500000000001
0 0.6637734375 0.845 0.029828125 0.043458333333333335
0 0.818546875 0.8446111111111111 0.050624999999999996 0.09177777777777778
0 0.9291406249999999 0.8802222222222222 0.0480390625 0.03719444444444445
0 0.9529140625 0.9829583333333334 0.05011718750000001 0.034069444444444444
0 0.666296875 0.4738333333333334 0.056359375 0.04247222222222222
0 0.7399609375 0.46097222222222217 0.014695312499999998 0.017694444444444443
0 0.7814375 0.46026388888888886 0.015625 0.018472222222222223
0 0.8446718750000001 0.4822916666666667 0.017945312499999998 0.03965277777777778
0 0.9095078125 0.5217361111111111 0.0134375 0.02326388888888889
0 0.95715625 0.5077083333333333 0.052203124999999996 0.03159722222222222
0 0.9018515624999999 0.6098055555555556 0.018187500000000002 0.016180555555555556
0 0.8510624999999999 0.5545555555555555 0.012773437500000002 0.013277777777777779
0 0.8716328125 0.5652361111111112 0.01059375 0.01513888888888889
0 0.9955078125 0.5238472222222222 0.008984375 0.01338888888888889
0 0.158015625 0.5138055555555555 0.011 0.013055555555555556
0 0.102359375 0.7521111111111111 0.028453125000000003 0.02766666666666667
0 0.8651640625000001 0.8319305555555556 0.0370859375 0.048583333333333326