0 0.4878984375 0.9556111111111111 0.0605703125 0.05366666666666667
0 0.12534375 0.7323194444444444 0.0249375 0.01916666666666667
0 0.775203125 0.744875 0.0360625 0.03644444444444444
0 0.3515078125 0.5314166666666666 0.0115078125 0.011513888888888888
0 0.23965625 0.3413611111111111 0.0761953125 0.029180555555555557
0 0.3023203125 0.3346944444444444 0.0294375 0.023791666666666666
0 0.3609296875 0.32863888888888887 0.0145625 0.014263888888888888
0 0.4998984375 0.3119444444444444 0.025546875000000004 0.02272222222222222
0 0.4638359375 0.32926388888888886 0.050984375000000005 0.02309722222222222
0 0.40353125 0.32561111111111113 0.011828125 0.014263888888888888
0 0.54559375 0.3269444444444444 0.008734374999999999 0.007347222222222222
0 0.5562578125 0.32213888888888886 0.008242187500000001 0.008736111111111111
0 0.5826640624999999 0.3105972222222222 0.0104296875 0.024430555555555556
0 0.6444375 0.27705555555555555 0.067578125 0.07761111111111112
0 0.7104453125 0.2965833333333333 0.0280078125 0.020027777777777776
0 0.7545390624999999 0.29508333333333336 0.024015625 0.015194444444444444
1 0.4633984375 0.18825 0.7357578124999999 0.3369027777777778