1 0.5 0.5 1 1
0 0.0952265625 0.5646805555555555 0.05909375 0.08658333333333333
0 0.0930703125 0.6896666666666667 0.006890625 0.014444444444444446
0 0.60365625 0.8604444444444445 0.099390625 0.1935138888888889
0 0.6700625 0.8728611111111112 0.026671875 0.05380555555555556
0 0.715078125 0.7466944444444444 0.5698359375 0.5066111111111111
0 0.146875 0.33181944444444444 0.29374218750000003 0.2669166666666667
0 0.0765703125 0.9620416666666666 0.0367734375 0.07590277777777778
0 0.1262421875 0.8294444444444445 0.0406171875 0.12880555555555556
0 0.1523203125 0.751375 0.009328125 0.011708333333333333
0 0.17482031250000002 0.6884305555555555 0.037875 0.10441666666666667
0 0.20803124999999997 0.5474305555555555 0.027445312500000003 0.05659722222222222
0 0.101734375 0.6682222222222223 0.01553125 0.02188888888888889
0 0.23717187499999998 0.39490277777777777 0.0686484375 0.12615277777777778
0 0.0046875 0.7444444444444445 0.009375 0.013888888888888888