0 0.059039062499999996 0.5692361111111112 0.06283593750000001 0.024611111111111108
0 0.212546875 0.6665972222222222 0.0495 0.05086111111111111
0 0.2648984375 0.8024722222222221 0.0507578125 0.034305555555555554
0 0.255765625 0.9043888888888888 0.026476562500000002 0.02336111111111111
0 0.28337500000000004 0.8657361111111112 0.0263125 0.03138888888888889
0 0.108515625 0.9051250000000001 0.07568749999999999 0.048583333333333326
0 0.0765625 0.967125 0.0244609375 0.03733333333333333
0 0.1056328125 0.9603055555555555 0.0138671875 0.021305555555555557
0 0.2800390625 0.9780277777777777 0.04315625 0.03923611111111111
0 0.10034375 0.7784444444444445 0.029312500000000002 0.03725
0 0.033187499999999995 0.787263888888889 0.021796875 0.02998611111111111
0 0.31403125 0.9633194444444445 0.011546875 0.016652777777777777
0 0.3468203125 0.9728888888888889 0.041078125 0.04647222222222222
0 0.381234375 0.7537916666666666 0.013132812499999999 0.018791666666666665
0 0.4302890625 0.9033194444444445 0.031828125 0.04615277777777777
0 0.44743750000000004 0.9422499999999999 0.0200703125 0.023166666666666665
0 0.47888281250000003 0.9640555555555556 0.0222421875 0.030000000000000002
0 0.4834296875 0.8891527777777779 0.027328124999999998 0.028486111111111115
0 0.513671875 0.9223750000000001 0.0310859375 0.026083333333333333
0 0.4552734375 0.7706944444444445 0.0143984375 0.015013888888888889
0 0.4524375 0.6888888888888889 0.0200703125 0.02201388888888889
0 0.4091796875 0.7575 0.015640625 0.014347222222222223
0 0.282625 0.5817222222222221 0.010125 0.012791666666666668
0 0.21896875 0.6198472222222222 0.0189609375 0.016666666666666666
0 0.6665390625 0.9513888888888888 0.0198046875 0.024819444444444446
0 0.7046640625 0.9905416666666668 0.018640625 0.018902777777777775
0 0.7595156249999999 0.8982777777777777 0.031578125 0.03013888888888889
0 0.7362421875 0.9392222222222222 0.00971875 0.013541666666666667
0 0.7190546875 0.8451805555555555 0.0507578125 0.02952777777777778
0 0.705375 0.808236111111111 0.024734375 0.017347222222222222
0 0.62353125 0.8733611111111111 0.033234375 0.020638888888888887
0 0.5813984375000001 0.8586805555555556 0.04240625 0.04704166666666666
0 0.6030078125 0.8251527777777778 0.0709375 0.0547361111111111
0 0.5315937500000001 0.7569305555555556 0.07860937500000001 0.06655555555555556
0 0.517078125 0.6968472222222223 0.0625859375 0.04133333333333333
0 0.575140625 0.7460138888888889 0.019875 0.02459722222222222
0 0.6021328125000001 0.6751111111111111 0.057671875 0.06254166666666666
0 0.514328125 0.5364305555555556 0.016367187499999998 0.013555555555555555
0 0.561296875 0.4975555555555556 0.02421875 0.027388888888888886
0 0.5838203125 0.49562500000000004 0.018375 0.020569444444444446
0 0.8599218750000001 0.49013888888888885 0.030171874999999997 0.023041666666666665
0 0.9100234374999999 0.4850972222222222 0.0209140625 0.02125
0 0.9448124999999999 0.4882916666666667 0.009734375 0.01338888888888889
0 0.9826015625 0.49162500000000003 0.029265625 0.015527777777777777
0 0.7304453125 0.6639166666666666 0.015476562499999999 0.012277777777777778
0 0.6623671875 0.7989027777777779 0.0248125 0.021222222222222222
0 0.6377109375 0.7324583333333333 0.011539062499999999 0.017638888888888888
0 0.637921875 0.7548472222222222 0.011960937500000001 0.011416666666666667
0 0.6513515625 0.7769583333333333 0.010125 0.017652777777777778
0 0.8148046875 0.7915416666666666 0.022539062500000002 0.044194444444444446
0 0.818359375 0.7434027777777777 0.015437500000000002 0.024138888888888887
0 0.8257109375 0.6980277777777778 0.0159453125 0.011347222222222222
0 0.7947734375 0.634625 0.0347109375 0.015277777777777777
0 0.825234375 0.6367638888888889 0.0149921875 0.01325
0 0.9261953125 0.7337083333333333 0.0216640625 0.013277777777777779
0 0.9629375 0.7498888888888888 0.0128515625 0.013625
0 0.8811562500000001 0.8036527777777778 0.0299609375 0.014319444444444445
0 0.8412109375 0.7816111111111111 0.028687499999999998 0.02795833333333333
0 0.83921875 0.8208472222222222 0.014296875 0.014888888888888889
0 0.8391875000000001 0.9727916666666666 0.0124609375 0.019916666666666666
0 0.7713515625 0.7589027777777777 0.0263984375 0.011375
0 0.40734375 0.5417361111111111 0.0108828125 0.013041666666666667
0 0.45278906250000006 0.5273749999999999 0.0106171875 0.009847222222222222
0 0.477546875 0.63075 0.0066015625 0.01225
0 0.4863046875 0.5358194444444445 0.006929687499999999 0.009819444444444445
0 0.496390625 0.5340416666666666 0.009335937499999999 0.01661111111111111
0 0.5003046875 0.5655555555555556 0.00696875 0.009236111111111112
1 0.5 0.46591666666666665 1 0.9318194444444444