0 0.04509375 0.9335416666666666 0.040359374999999996 0.06086111111111111
0 0.047132812499999996 0.8700555555555556 0.025 0.02736111111111111
0 0.155890625 0.8511527777777779 0.0599765625 0.04593055555555556
0 0.33107031249999996 0.9872222222222221 0.017656250000000002 0.014361111111111111
0 0.31744531249999997 0.9319305555555556 0.01575 0.017652777777777778
0 0.33728125000000003 0.9128194444444445 0.0128359375 0.02340277777777778
0 0.3966171875 0.8388888888888889 0.018914062500000002 0.035347222222222224
0 0.39053125 0.7332083333333332 0.023484375 0.015902777777777776
0 0.4303828125 0.7778472222222221 0.012898437500000002 0.023763888888888886
0 0.4536171875 0.7604305555555555 0.0228515625 0.035152777777777776
0 0.5341328125 0.7631944444444444 0.020328125 0.021513888888888888
0 0.52246875 0.7011944444444445 0.0297109375 0.034819444444444445
0 0.4960625 0.776888888888889 0.0134140625 0.022111111111111113
0 0.4866796875 0.875638888888889 0.0347109375 0.031055555555555555
0 0.6103515625 0.7439305555555555 0.0218984375 0.021277777777777777
0 0.697625 0.8151805555555555 0.033125 0.034666666666666665
0 0.7754140625 0.7708194444444445 0.0487265625 0.03881944444444444
0 0.733 0.7449444444444444 0.018171875 0.021055555555555557
0 0.8485390625000001 0.7229722222222221 0.026101562499999998 0.029666666666666668
0 0.53603125 0.965388888888889 0.0108984375 0.01611111111111111
0 0.5525390625 0.9705277777777778 0.0087421875 0.010638888888888889
0 0.7618828125 0.9507222222222222 0.0420859375 0.04888888888888889
0 0.8053828125000001 0.9431666666666667 0.030671874999999998 0.03202777777777777
0 0.494515625 0.9297777777777778 0.0225 0.016291666666666666
0 0.027890625000000002 0.6938333333333333 0.055781250000000004 0.08220833333333333
0 0.07103125 0.7165555555555555 0.015375 0.021847222222222223
0 0.0966015625 0.7005972222222222 0.00834375 0.011319444444444444
0 0.12196875 0.7353611111111111 0.007054687499999999 0.012611111111111111
0 0.13825 0.6765972222222222 0.0096796875 0.016083333333333335
0 0.23232031250000001 0.614625 0.042476562499999995 0.018819444444444444
0 0.07265625 0.5223611111111112 0.0246015625 0.0275
0 0.1169140625 0.5515 0.021171875 0.01673611111111111
0 0.122234375 0.6023055555555555 0.0074062500000000005 0.00938888888888889
0 0.1488671875 0.5926527777777777 0.015609375 0.012875
0 0.1767109375 0.5631805555555556 0.0107109375 0.01476388888888889
0 0.143390625 0.6936666666666667 0.007859375 0.009666666666666667
0 0.9799374999999999 0.7813472222222223 0.019796875 0.027944444444444445
0 0.9633437499999999 0.7006944444444444 0.058476562499999996 0.07291666666666667
0 0.847421875 0.6803333333333333 0.018070312499999998 0.015125000000000001
0 0.7679140624999999 0.6875972222222222 0.0323984375 0.03254166666666666
0 0.7225546875 0.6920416666666667 0.027796875 0.029736111111111112
0 0.605984375 0.6584305555555555 0.0536875 0.10531944444444444
0 0.5668124999999999 0.6271249999999999 0.028242187499999998 0.028194444444444446
0 0.5377109375 0.6344027777777778 0.0311640625 0.020402777777777777
0 0.670875 0.679138888888889 0.032390625 0.025305555555555553
0 0.66815625 0.6407916666666666 0.033265625 0.043666666666666666
0 0.731359375 0.6281666666666667 0.0899375 0.03790277777777778
0 0.703046875 0.6609027777777778 0.016203125 0.016
0 0.7069453125 0.5918888888888889 0.030820312500000002 0.03147222222222222
0 0.7773359375 0.6049861111111111 0.0220703125 0.02225
0 0.7992343749999999 0.6554027777777778 0.018125 0.017402777777777777
0 0.8572031250000001 0.6110416666666667 0.012609375 0.021222222222222222
0 0.4329375 0.6755972222222222 0.080859375 0.044013888888888894
0 0.44985156249999997 0.6397222222222223 0.0299609375 0.021458333333333333
0 0.4530234375 0.6065 0.0230078125 0.01851388888888889
0 0.4870078125 0.6208055555555556 0.022703124999999998 0.02026388888888889
0 0.52928125 0.5980972222222222 0.011921875 0.015805555555555555
0 0.55146875 0.5675833333333333 0.02728125 0.035902777777777777
0 0.5461328125 0.5952777777777778 0.0105234375 0.013847222222222223
0 0.3903828125 0.616638888888889 0.019648437499999998 0.018847222222222224
0 0.35567187499999997 0.6058472222222222 0.0165390625 0.015486111111111112
0 0.3730703125 0.5774444444444444 0.022570312500000002 0.02023611111111111
0 0.173734375 0.6184444444444444 0.0161640625 0.018722222222222223
0 0.3111875 0.6345833333333333 0.01753125 0.02765277777777778
0 0.44117187500000005 0.5052361111111111 0.09221875 0.034486111111111106
0 0.553359375 0.49895833333333334 0.07670312500000001 0.02851388888888889
0 0.5821640625 0.46970833333333334 0.0980078125 0.022819444444444444
0 0.6069609375 0.5030833333333333 0.0205546875 0.018430555555555554
0 0.659875 0.5216527777777777 0.017875 0.01888888888888889
0 0.9192500000000001 0.49919444444444444 0.1602734375 0.051722222222222225
0 0.189828125 0.4799305555555556 0.016804687500000002 0.012652777777777777
0 0.2574609375 0.4754722222222222 0.086703125 0.027777777777777776
0 0.2677421875 0.49905555555555553 0.01240625 0.007333333333333334
0 0.2670625 0.5610972222222222 0.0062109375 0.010402777777777778
0 0.369859375 0.4813888888888889 0.012984375000000001 0.01411111111111111
1 0.5 0.403125 1 0.8062361111111112