0 0.253234375 0.984 0.055367187500000005 0.032
0 0.073265625 0.7237083333333334 0.048320312500000004 0.04720833333333334
0 0.5080625000000001 0.9926666666666667 0.0317734375 0.014652777777777778
0 0.12928125 0.7574583333333333 0.03290625 0.03661111111111111
0 0.5815078125 0.8484027777777778 0.112296875 0.08698611111111111
0 0.23908593749999998 0.641361111111111 0.0387734375 0.030055555555555558
0 0.2885703125 0.5713333333333334 0.101828125 0.09654166666666668
0 0.42144531250000006 0.5210972222222222 0.08495312499999999 0.06376388888888888
0 0.524015625 0.5558055555555556 0.118234375 0.11929166666666667
0 0.4194453125 0.6776388888888889 0.0098984375 0.01888888888888889
0 0.8168046875 0.6695694444444444 0.36584374999999997 0.19569444444444445
1 0.5 0.5 1 1