1 0.5 0.5 1 1
0 0.0975390625 0.4828888888888889 0.064328125 0.09009722222222223
0 0.0999765625 0.5814027777777778 0.0249609375 0.05102777777777778
0 0.144015625 0.2556527777777778 0.28803125 0.2775694444444444
0 0.602078125 0.7812083333333334 0.09503125 0.18505555555555556
0 0.7165859375 0.6616805555555556 0.5668359374999999 0.44033333333333335
0 0.209765625 0.44930555555555557 0.03984375 0.08472222222222223
0 0.175 0.6020833333333333 0.0453125 0.10416666666666667
0 0.13125 0.74375 0.046875 0.12916666666666668
0 0.072265625 0.9138888888888889 0.06171875 0.17222222222222222
0 0.44375 0.9326388888888889 0.0203125 0.09305555555555556
0 0.2334453125 0.31802777777777774 0.0659765625 0.1488611111111111
0 0.006640625 0.6604166666666667 0.01328125 0.018055555555555554