0 0.7641953125 0.6942361111111112 0.0183828125 0.014944444444444444
0 0.56046875 0.6324027777777778 0.025257812499999997 0.021638888888888888
0 0.539734375 0.48634722222222226 0.0384140625 0.03154166666666667
0 0.6202265625 0.4751666666666667 0.027273437499999997 0.026875000000000003
0 0.6596328125 0.47206944444444443 0.02396875 0.02804166666666667
0 0.6874453125 0.47763888888888884 0.026750000000000003 0.024472222222222225
0 0.7228984374999999 0.5165 0.020734375 0.025611111111111112
0 0.7119296875 0.6061805555555555 0.023804687499999998 0.022430555555555554
0 0.68546875 0.6604583333333333 0.024210937499999998 0.04838888888888889
0 0.7446953125 0.622125 0.03790625 0.02073611111111111
0 0.7830390625 0.5514722222222223 0.015492187499999999 0.033666666666666664
0 0.8276953125000001 0.5350555555555556 0.0418046875 0.035458333333333335
0 0.884 0.5417222222222222 0.0591953125 0.03136111111111111
0 0.926203125 0.5511111111111111 0.0172578125 0.017611111111111112
0 0.9771171875 0.5784444444444444 0.0440390625 0.042083333333333334
0 0.0322734375 0.5294166666666666 0.0571171875 0.03830555555555555
0 0.4351328125 0.6156388888888888 0.024304687499999998 0.02305555555555556
0 0.4344453125 0.5460972222222222 0.024617187500000002 0.025097222222222222
0 0.4717109375 0.5571666666666667 0.0239921875 0.015819444444444445
1 0.5 0.5 1 1