0 0.3412109375 0.5175694444444444 0.0818203125 0.029569444444444443
0 0.1921484375 0.5749861111111111 0.04678125 0.02356944444444444
0 0.2333203125 0.7472083333333334 0.0212890625 0.020888888888888887
0 0.026750000000000003 0.5906805555555555 0.018882812500000002 0.012263888888888888
0 0.114546875 0.6326944444444444 0.0147734375 0.012152777777777778
0 0.034578125 0.7623749999999999 0.0069765625 0.013791666666666666
0 0.08834375 0.724361111111111 0.01028125 0.015375
0 0.043960937500000005 0.8720555555555556 0.08738281249999999 0.10654166666666666
0 0.10430468749999999 0.9029166666666667 0.014421875 0.02013888888888889
0 0.15237499999999998 0.9459583333333333 0.0189375 0.022902777777777775
0 0.2592265625 0.9794305555555556 0.009140625 0.018875
0 0.25853125 0.8662777777777778 0.0278828125 0.03172222222222222
0 0.35388281250000003 0.9701805555555555 0.0332734375 0.025055555555555553
0 0.29426562500000003 0.7195972222222222 0.0173828125 0.023458333333333335
0 0.43915625 0.7705972222222223 0.0587421875 0.034472222222222224
0 0.4898515625 0.7772638888888889 0.022171875 0.02275
0 0.47443749999999996 0.8890555555555556 0.0174921875 0.01627777777777778
0 0.49057812500000003 0.9760555555555556 0.0141640625 0.020291666666666666
0 0.5087265624999999 0.9532083333333332 0.011679687499999999 0.014694444444444444
0 0.5421796875 0.87525 0.020874999999999998 0.024958333333333332
0 0.5669531250000001 0.9722083333333333 0.031640625 0.050555555555555555
0 0.5783046875 0.9111805555555554 0.02865625 0.042305555555555555
0 0.6049375 0.8974444444444444 0.01428125 0.01965277777777778
0 0.61553125 0.8468472222222222 0.015640625 0.01863888888888889
0 0.6489843750000001 0.8568611111111112 0.0270859375 0.030666666666666665
0 0.6334531250000001 0.9862777777777778 0.029390624999999997 0.024708333333333332
0 0.6851953125 0.8652361111111111 0.0341328125 0.045
0 0.724421875 0.8629861111111111 0.0278203125 0.056513888888888884
0 0.9361875 0.7913055555555556 0.0866484375 0.058277777777777776
0 0.7239140625 0.50275 0.0374375 0.03816666666666667
0 0.8087265625000001 0.49124999999999996 0.065640625 0.022902777777777775
0 0.9009609375000001 0.5207916666666667 0.0148046875 0.021819444444444447
0 0.9661640625000001 0.5485694444444444 0.011953125 0.021805555555555554
0 0.9946718750000001 0.5432361111111111 0.0106640625 0.018875
0 0.2640234375 0.5357361111111112 0.0123671875 0.012430555555555554
1 0.5 0.5 1 1