0 0.327375 0.62225 0.0191171875 0.018208333333333333
0 0.5685781249999999 0.9509583333333335 0.02290625 0.025833333333333337
0 0.099015625 0.46225 0.0148984375 0.012041666666666666
0 0.7744140625 0.4788472222222222 0.0367265625 0.01486111111111111
0 0.63875 0.4542777777777778 0.011234375000000001 0.010680555555555556
0 0.41430468749999994 0.4015694444444444 0.005203125 0.008416666666666666
0 0.6397265625 0.3915555555555556 0.004890625 0.006194444444444444
0 0.4127890625 0.28677777777777774 0.06079687499999999 0.030597222222222224
0 0.4589765625 0.2902777777777778 0.013828125 0.016180555555555556
0 0.5693359375 0.2857222222222222 0.0244296875 0.012111111111111112
0 0.5987734375 0.2753888888888889 0.0206796875 0.029333333333333336
0 0.660265625 0.2798055555555556 0.017296875 0.012111111111111112
0 0.6864609374999999 0.27634722222222224 0.0107734375 0.011791666666666667
0 0.7493671875000001 0.24684722222222222 0.0565390625 0.05609722222222222
0 0.8073671875 0.26155555555555554 0.033195312500000004 0.014666666666666668
1 0.5920078125 0.16116666666666668 0.6900625 0.27497222222222223