1 0.5 0.5 1 1
0 0.09506250000000001 0.5214305555555556 0.06177343749999999 0.09936111111111112
0 0.10302343750000001 0.6342916666666667 0.0248125 0.05531944444444444
0 0.6035 0.8263472222222222 0.0966796875 0.1845
0 0.6696875 0.8279722222222222 0.025921875 0.058069444444444444
0 0.7144765625 0.6861527777777777 0.5710390624999999 0.4465277777777778
0 0.14657031250000002 0.2992361111111111 0.29314062500000004 0.2765416666666667
0 0.44375 0.9645833333333333 0.0265625 0.0375
0 0.205859375 0.5027777777777778 0.03203125 0.058333333333333334
0 0.2265625 0.46458333333333335 0.009375 0.02361111111111111
0 0.176171875 0.6458333333333334 0.04296875 0.10277777777777777
0 0.128515625 0.7888888888888889 0.04296875 0.12777777777777777
0 0.074609375 0.9381944444444444 0.04765625 0.12361111111111112
0 0.233921875 0.3617222222222222 0.07173437499999999 0.14758333333333334
0 0.005859375 0.7041666666666667 0.01171875 0.019444444444444445