0 0.1742890625 0.8734444444444445 0.0644296875 0.03698611111111111
0 0.077265625 0.9419722222222222 0.01540625 0.015486111111111112
0 0.0798671875 0.9867916666666667 0.03025 0.02640277777777778
0 0.253625 0.8253611111111111 0.0389296875 0.052319444444444446
0 0.2968984375 0.779875 0.0189609375 0.024402777777777777
0 0.3686953125 0.8015555555555556 0.0277890625 0.026694444444444444
0 0.25475 0.7245972222222222 0.020640625000000003 0.016541666666666666
0 0.22334375 0.6871666666666667 0.0329140625 0.050041666666666665
0 0.2749609375 0.6830972222222222 0.009093750000000001 0.011097222222222222
0 0.3366484375 0.6637638888888889 0.0092578125 0.016944444444444443
0 0.3827734375 0.9623611111111111 0.0084609375 0.01176388888888889
0 0.4092109375 0.9605694444444445 0.0125546875 0.013902777777777778
0 0.532703125 0.9241388888888888 0.037515625000000004 0.042555555555555555
0 0.6209453125 0.884125 0.0182734375 0.018430555555555554
0 0.6313359375 0.8126666666666666 0.031992187500000005 0.021541666666666667
0 0.2591171875 0.6263888888888889 0.0094921875 0.017472222222222222
0 0.2715859375 0.6540833333333333 0.01575 0.029708333333333333
0 0.65903125 0.8771944444444445 0.03234375 0.04754166666666666
0 0.6991171875 0.9256111111111112 0.010296875 0.018666666666666665
0 0.7585390624999999 0.9450833333333334 0.03175 0.033625
0 0.72384375 0.7672638888888889 0.054546874999999995 0.06894444444444445
0 0.4951171875 0.6524305555555555 0.0139375 0.018833333333333334
0 0.49418749999999995 0.7423194444444445 0.009273437499999999 0.011916666666666667
0 0.6198046875000001 0.6243194444444444 0.0376484375 0.022472222222222223
0 0.5739062500000001 0.6106111111111111 0.015195312499999999 0.014263888888888888
0 0.5889375 0.641875 0.031234374999999998 0.017666666666666667
0 0.9014140625 0.9919305555555556 0.026687499999999996 0.016138888888888887
0 0.8130390625 0.8779722222222222 0.01365625 0.024694444444444446
0 0.831859375 0.8518472222222223 0.045890625000000004 0.030680555555555555
0 0.8885624999999999 0.7379166666666666 0.025953125 0.01863888888888889
0 0.8123671874999999 0.7403194444444444 0.041984375000000004 0.024125
0 0.7775859374999999 0.7876388888888889 0.02290625 0.019430555555555555
0 0.769828125 0.6866944444444445 0.014328125 0.018277777777777778
0 0.790515625 0.6955555555555556 0.009078125 0.013402777777777779
0 0.7466328125 0.6601805555555555 0.014953125000000001 0.013902777777777778
0 0.9830859375 0.9154444444444445 0.0338359375 0.07811111111111112
0 0.9931015625 0.8590833333333333 0.0137890625 0.012680555555555556
0 0.9497265625000001 0.7869166666666667 0.042921875 0.032875
0 0.9926875000000001 0.7319583333333333 0.014624999999999999 0.01904166666666667
0 0.8627265625 0.6627222222222222 0.0591640625 0.09701388888888889
0 0.9386484375 0.5708055555555556 0.075125 0.042666666666666665
0 0.40619531249999996 0.625375 0.086734375 0.07702777777777778
0 0.35233593750000003 0.6186944444444444 0.010703124999999999 0.010972222222222223
0 0.3386796875 0.61975 0.005554687500000001 0.007458333333333333
0 0.4299921875 0.6688333333333334 0.013007812499999999 0.007597222222222222
0 0.57821875 0.5138333333333333 0.019484375 0.015208333333333332
0 0.7390703125 0.4888888888888889 0.07182031250000001 0.02706944444444444
0 0.7923046874999999 0.4966111111111111 0.0179296875 0.011333333333333334
0 0.867046875 0.5089166666666667 0.022125 0.012208333333333331
0 0.6745078125 0.6673055555555555 0.0380859375 0.01986111111111111
0 0.5800156249999999 0.5865416666666666 0.010296875 0.008208333333333333
0 0.5954375 0.5429722222222222 0.009031250000000001 0.012347222222222223
1 0.5547109375 0.4739305555555556 0.890578125 0.9478611111111112