0 0.1859765625 0.7880833333333332 0.033984375 0.051569444444444446
0 0.22628906249999997 0.6398611111111111 0.047171875 0.035472222222222224
0 0.2673125 0.6626666666666666 0.0256796875 0.02701388888888889
0 0.383265625 0.8179583333333332 0.0419609375 0.057291666666666664
0 0.5379921875 0.8309444444444444 0.086390625 0.0798888888888889
0 0.6846953124999999 0.9089444444444446 0.0328515625 0.036000000000000004
0 0.6271093750000001 0.7345555555555555 0.08034375 0.059361111111111114
0 0.36414843750000003 0.5468472222222223 0.0968203125 0.0931388888888889
0 0.4964921875 0.49904166666666666 0.099328125 0.050305555555555555
0 0.588515625 0.5270277777777778 0.0791484375 0.09855555555555555
0 0.8282031249999999 0.6228611111111111 0.31535156249999996 0.15436111111111112
1 0.51021875 0.5 0.9795703124999999 1