1 0.5 0.5 1 1
0 0.09273437500000001 0.4217916666666667 0.0739453125 0.11427777777777778
0 0.14296875 0.19495833333333334 0.28592968750000003 0.26840277777777777
0 0.710265625 0.6676388888888889 0.551796875 0.5190277777777778
0 0.44258593749999997 0.9719305555555555 0.0248515625 0.05615277777777778
0 0.1980859375 0.3881805555555556 0.049093750000000005 0.09234722222222222
0 0.17296875 0.5185833333333333 0.0879140625 0.16034722222222222
0 0.118453125 0.6784305555555556 0.055374999999999994 0.12279166666666666
0 0.06821875 0.8656666666666666 0.061078125000000004 0.19281944444444446
0 0.0316796875 0.9823749999999999 0.009703125 0.020291666666666666
0 0.0094765625 0.18606944444444445 0.0189453125 0.0385