0 0.084484375 0.9808055555555555 0.0381953125 0.03838888888888889
0 0.09134375 0.9334166666666666 0.014046875 0.013194444444444444
0 0.1915 0.871 0.0648359375 0.043180555555555555
0 0.2636171875 0.6817361111111111 0.0313125 0.06122222222222222
0 0.28796093749999996 0.7265972222222222 0.020328125 0.01826388888888889
0 0.2716328125 0.8287777777777778 0.0409453125 0.05573611111111111
0 0.32225000000000004 0.784 0.0151171875 0.02609722222222222
0 0.314109375 0.6829444444444445 0.00653125 0.011944444444444443
0 0.31475 0.6617361111111111 0.009609375 0.012583333333333334
0 0.31128125 0.6471111111111111 0.010070312500000001 0.012986111111111111
0 0.3043515625 0.625736111111111 0.007710937499999999 0.017013888888888887
0 0.374765625 0.6683611111111112 0.011421875 0.016625
0 0.39030468749999997 0.8115972222222223 0.029906250000000002 0.028375
0 0.44262499999999994 0.6357222222222223 0.1019296875 0.09002777777777776
0 0.382171875 0.979638888888889 0.0103046875 0.01
0 0.41103125 0.9794305555555556 0.0091015625 0.012888888888888887
0 0.5398125 0.9426111111111111 0.04134375 0.04429166666666667
0 0.49427343749999997 0.7579861111111111 0.010671875 0.012708333333333334
0 0.5237812500000001 0.7562083333333334 0.0100234375 0.012583333333333334
0 0.5366328125 0.6639166666666666 0.0116484375 0.013347222222222222
0 0.6409453125 0.917625 0.016453125 0.017180555555555553
0 0.6557265625 0.8358333333333333 0.019328124999999998 0.01952777777777778
0 0.6829140625 0.9118472222222221 0.036289062500000004 0.04518055555555556
0 0.7823046875 0.9847222222222223 0.0393984375 0.02723611111111111
0 0.7646328125 0.7958055555555555 0.0640859375 0.08044444444444444
0 0.8727265624999999 0.9088888888888889 0.056820312500000004 0.04375
0 0.9549921875 0.775263888888889 0.027164062500000002 0.02684722222222222
0 0.8246796875 0.7125416666666666 0.014460937500000002 0.01801388888888889
0 0.8461953125000001 0.7228333333333334 0.008953125000000001 0.01225
0 0.8029531249999999 0.6807083333333334 0.01621875 0.014958333333333332
0 0.9200156249999999 0.6994861111111111 0.048007812500000004 0.08848611111111111
0 0.954484375 0.6708194444444444 0.0179921875 0.014944444444444444
0 0.6375625 0.6559305555555556 0.026734374999999998 0.018250000000000002
0 0.6721874999999999 0.6378194444444445 0.0338984375 0.025722222222222223
0 0.62175 0.6204166666666666 0.015492187499999999 0.014499999999999999
0 0.726828125 0.6858333333333333 0.0325703125 0.024305555555555556
0 0.6380625 0.5194305555555556 0.0228984375 0.029361111111111112
0 0.8338671874999999 0.4988194444444444 0.1237265625 0.03322222222222222
0 0.9628203125000001 0.5255555555555556 0.03846875 0.016819444444444442
0 0.8728828125 0.5924305555555556 0.0063515625000000004 0.012472222222222223
1 0.56034375 0.4639027777777778 0.8793124999999999 0.9278194444444444