1 0.5 0.5 1 1
0 0.091609375 0.6877361111111111 0.059671875 0.09808333333333334
0 0.6276953125 0.9612361111111112 0.11742187500000001 0.07752777777777778
0 0.1209765625 0.9593055555555556 0.029476562499999998 0.08138888888888889
0 0.16971875 0.8035972222222223 0.047703125 0.12295833333333334
0 0.15237499999999998 0.4448472222222222 0.30474999999999997 0.26555555555555554
0 0.20503906249999998 0.6663194444444445 0.0305859375 0.056819444444444436
0 0.7216953125 0.7828888888888889 0.5566171875 0.4342222222222222
0 0.14428125 0.8800138888888889 0.0107890625 0.013347222222222222
0 0.2359921875 0.5858749999999999 0.0073046874999999995 0.017930555555555557
0 0.2495546875 0.5115555555555555 0.0474609375 0.11734722222222221