1 0.5 0.5 1 1
0 0.40121874999999996 0.5749583333333333 0.24326562499999999 0.22147222222222224
0 0.088140625 0.6092222222222222 0.17628125 0.1617222222222222
0 0.8092265624999999 0.6829722222222222 0.381546875 0.1889861111111111
0 0.22570312499999998 0.8749861111111111 0.023171875 0.03061111111111111
0 0.601609375 0.7727777777777778 0.03203125 0.14356944444444444
0 0.254234375 0.5309027777777777 0.040015625 0.03816666666666667
0 0.18058593750000002 0.8731388888888888 0.0059296875 0.013847222222222223
0 0.181515625 0.8952222222222221 0.0055625 0.009222222222222222
0 0.1987578125 0.8866527777777777 0.00815625 0.015819444444444445
0 0.9511406250000001 0.8836944444444444 0.009640625 0.015166666666666667