1 0.44264843750000005 0.18958333333333333 0.5711015625 0.3050277777777778
0 0.47535937500000003 0.6357638888888889 0.027695312500000003 0.025763888888888888
0 0.5035937500000001 0.7909861111111111 0.017671875 0.019430555555555555
0 0.5296093749999999 0.6823055555555555 0.011171875000000001 0.018791666666666665
0 0.6388984375 0.5656805555555556 0.0157265625 0.015000000000000001
0 0.5312578125 0.7048611111111112 0.0144296875 0.013902777777777778
0 0.216875 0.34568055555555555 0.027265624999999998 0.014833333333333334
0 0.27990624999999997 0.3296805555555556 0.026828125 0.01959722222222222
0 0.224609375 0.31727777777777777 0.0599140625 0.04248611111111111
0 0.42096875 0.3309722222222222 0.0148984375 0.008583333333333333
0 0.47245312500000003 0.31448611111111113 0.0150078125 0.015027777777777779
0 0.6743671875 0.2952638888888889 0.0338359375 0.01922222222222222
0 0.608421875 0.2955277777777778 0.0526328125 0.03736111111111111
0 0.5531953125 0.3154027777777778 0.011164062499999999 0.009402777777777777
0 0.5282734375 0.3201111111111111 0.008843750000000001 0.007291666666666667