1 0.5 0.5 1 1
0 0.1775703125 0.49690277777777775 0.1151171875 0.04509722222222222
0 0.0786015625 0.5249722222222223 0.0105234375 0.01911111111111111
0 0.08169531249999999 0.9045138888888888 0.060078125 0.042805555555555555
0 0.135625 0.8853888888888889 0.016453125 0.019375
0 0.1710859375 0.9004444444444445 0.0406484375 0.02723611111111111
0 0.566140625 0.9061527777777777 0.0218828125 0.03834722222222222
0 0.7398203125 0.8971944444444445 0.058914062499999996 0.09322222222222223
0 0.85725 0.9390833333333333 0.052851562500000004 0.04545833333333333
0 0.8499921875 0.6228611111111111 0.018984375 0.014388888888888889
0 0.783625 0.6035833333333334 0.025734374999999997 0.029222222222222222
0 0.820375 0.5663472222222222 0.053179687499999996 0.035430555555555555
0 0.564875 0.5624861111111111 0.022703124999999998 0.01941666666666667
0 0.5518203125000001 0.5119722222222223 0.022953124999999998 0.018055555555555554
0 0.5853984375 0.5222916666666667 0.01503125 0.01376388888888889
0 0.62303125 0.4738611111111111 0.05825 0.043847222222222225
0 0.6912734375 0.4622083333333334 0.029390624999999997 0.021152777777777777
0 0.742203125 0.46116666666666667 0.0176328125 0.030166666666666665
0 0.7638984375 0.4648055555555556 0.017640625 0.018152777777777778
0 0.8031015625 0.4932777777777778 0.0159765625 0.021708333333333333
0 0.8625468749999999 0.5230277777777778 0.014726562500000002 0.026291666666666665
0 0.9113125 0.5133888888888889 0.051523437500000005 0.03075
0 0.9544609375 0.5245416666666667 0.0179765625 0.01813888888888889
0 0.792984375 0.8841805555555555 0.038171875 0.05320833333333334