0 0.0320625 0.9520833333333333 0.0527109375 0.051013888888888886
0 0.0949921875 0.8750694444444443 0.0367578125 0.05165277777777778
0 0.10995312500000001 0.8136666666666668 0.017265625 0.024680555555555556
0 0.203328125 0.8080277777777778 0.0519296875 0.03680555555555556
0 0.053203125 0.7059027777777778 0.0160546875 0.02086111111111111
0 0.006867187499999999 0.7889861111111112 0.013726562500000001 0.01411111111111111
0 0.0054218750000000005 0.8768472222222223 0.010843750000000001 0.018944444444444444
0 0.07132812499999999 0.6447777777777778 0.07365625 0.08265277777777777
0 0.1201015625 0.655125 0.0587421875 0.050555555555555555
0 0.145140625 0.6667777777777778 0.01159375 0.01338888888888889
0 0.017859375 0.6583888888888889 0.016125 0.019027777777777775
0 0.22614843750000002 0.6480138888888889 0.0092890625 0.016833333333333332
0 0.32535156249999997 0.5957916666666667 0.031859375 0.015291666666666667
0 0.42215625 0.8235694444444445 0.0205625 0.034069444444444444
0 0.3279921875 0.9073055555555556 0.01134375 0.019125
0 0.3281640625 0.9648888888888889 0.01803125 0.016847222222222222
0 0.739140625 0.8566388888888888 0.03265625 0.034958333333333334
0 0.8380078125000001 0.8154583333333333 0.0527109375 0.044319444444444446
0 0.9419140625000001 0.7738055555555555 0.0210546875 0.02888888888888889
0 0.8004843749999999 0.7772777777777777 0.0193046875 0.017319444444444446
0 0.6606171875 0.7643888888888889 0.0178984375 0.019930555555555556
0 0.5745078125 0.7707916666666667 0.0261328125 0.03026388888888889
0 0.500671875 0.8803333333333334 0.0367109375 0.03340277777777778
0 0.469046875 0.7756527777777779 0.0131953125 0.024180555555555556
0 0.43941406250000004 0.7249027777777777 0.0273359375 0.024847222222222222
0 0.483140625 0.6737638888888889 0.057882812500000005 0.05461111111111111
0 0.47000000000000003 0.612125 0.015625 0.018944444444444444
0 0.4372421875 0.5984027777777778 0.0160546875 0.012458333333333333
0 0.5226171875000001 0.6764583333333334 0.0193359375 0.020208333333333335
0 0.4914296875 0.7582916666666667 0.025500000000000002 0.03422222222222222
0 0.5812734374999999 0.7121666666666666 0.029953125000000004 0.043805555555555556
0 0.6703359375 0.6969027777777778 0.0435859375 0.063875
0 0.6946328125 0.6992916666666666 0.0154140625 0.02266666666666667
0 0.7447812500000001 0.702375 0.0324140625 0.028847222222222222
0 0.6128515625000001 0.6422083333333333 0.029734375 0.01961111111111111
0 0.56296875 0.6234583333333333 0.0236640625 0.017611111111111112
0 0.744953125 0.6487638888888889 0.022351562499999998 0.018833333333333334
0 0.8125859375 0.6530138888888889 0.0775234375 0.03901388888888889
0 0.7971874999999999 0.730138888888889 0.0296328125 0.028833333333333336
0 0.8904609375 0.6376527777777778 0.027015624999999998 0.021305555555555557
0 0.8110703125000001 0.6138194444444445 0.0296328125 0.024555555555555556
0 0.20299999999999999 0.5083749999999999 0.023570312500000003 0.019875
0 0.269953125 0.5917916666666666 0.012390624999999999 0.019902777777777776
0 0.3143515625 0.4644027777777778 0.017445312499999997 0.017930555555555557
0 0.3716484375 0.4668888888888889 0.0706875 0.02715277777777778
0 0.46440625 0.4730694444444445 0.0548203125 0.01865277777777778
0 0.5286562499999999 0.504125 0.0454375 0.03959722222222222
0 0.57196875 0.5147777777777778 0.020179687499999998 0.025055555555555553
0 0.661109375 0.5056388888888889 0.087296875 0.022805555555555558
0 0.6818125 0.4821388888888889 0.0885703125 0.02233333333333333
0 0.7204375 0.5156666666666666 0.015562500000000002 0.01811111111111111
0 0.9834140625 0.50275 0.0331640625 0.017027777777777777
0 0.23614843749999997 0.5338472222222223 0.0230234375 0.021652777777777778
1 0.500234375 0.42030555555555554 0.9995234375000001 0.8406111111111111