0 0.026968750000000003 0.8830555555555555 0.0335390625 0.03959722222222222
0 0.10899218749999999 0.8448333333333333 0.021109375 0.025916666666666668
0 0.1325390625 0.8996805555555555 0.027773437499999998 0.03145833333333333
0 0.150984375 0.7675277777777778 0.0133359375 0.025374999999999998
0 0.17782031250000002 0.71575 0.06315625 0.05022222222222222
0 0.24664843749999998 0.6962083333333333 0.0065234375 0.014
0 0.264453125 0.67625 0.011820312500000001 0.014
0 0.2788984375 0.6556388888888889 0.01503125 0.025777777777777774
0 0.292171875 0.7126111111111112 0.0133515625 0.021125
0 0.3400625 0.8570277777777777 0.012234375 0.017499999999999998
0 0.414546875 0.6788194444444444 0.14003125 0.08926388888888888
0 0.4672109375 0.7372222222222221 0.01946875 0.017541666666666667
0 0.48845312500000004 0.9241388888888888 0.025374999999999998 0.030472222222222223
0 0.582953125 0.9750555555555555 0.044953125 0.04386111111111111
0 0.6442734375 0.9558611111111112 0.0161640625 0.035444444444444445
0 0.6688671875 0.7268055555555555 0.0351796875 0.04034722222222222
0 0.769890625 0.980986111111111 0.0318828125 0.03416666666666667
0 0.8087578125 0.8809305555555556 0.0499296875 0.051972222222222225
0 0.8073124999999999 0.820736111111111 0.0239375 0.02398611111111111
0 0.92771875 0.9473194444444445 0.0542734375 0.049
0 0.9353828125 0.9031111111111111 0.041359375 0.04613888888888889
0 0.9706328125000001 0.9287083333333332 0.014976562500000002 0.022041666666666664
0 0.9673828125 0.8661666666666666 0.014249999999999999 0.015875
0 0.8519140625 0.8513333333333334 0.014960937499999999 0.021291666666666667
0 0.87128125 0.8727222222222223 0.0107109375 0.01275
0 0.8352656250000001 0.7912083333333333 0.0073359375000000004 0.01172222222222222
0 0.744578125 0.5659166666666666 0.0338828125 0.03273611111111111
0 0.9678281249999999 0.5521666666666667 0.0157734375 0.016194444444444445
0 0.9829921875000001 0.5623611111111111 0.009523437499999999 0.01148611111111111
0 0.9971328125 0.5728472222222222 0.0057265625 0.010902777777777777
0 0.603796875 0.7437916666666666 0.034671875000000005 0.025249999999999998
0 0.6225234375 0.6948611111111112 0.022078125 0.02323611111111111
0 0.664359375 0.6813194444444445 0.011414062499999999 0.01323611111111111
0 0.6669296874999999 0.6163472222222222 0.01590625 0.01336111111111111
0 0.663921875 0.6627083333333333 0.013093750000000001 0.014805555555555556
0 0.832859375 0.7462083333333334 0.012148437500000001 0.01184722222222222
0 0.980703125 0.8251527777777778 0.0293359375 0.010527777777777778
0 0.9196953125 0.7400694444444444 0.0318125 0.018680555555555554
1 0.5426875 0.45591666666666664 0.9146171875 0.8289027777777777