0 0.107125 0.8894444444444444 0.05559375 0.03216666666666667
0 0.215484375 0.8558611111111112 0.03075 0.03251388888888889
0 0.18251562500000001 0.8862222222222222 0.0201953125 0.03979166666666666
0 0.3107890625 0.8710416666666666 0.047835937499999995 0.043180555555555555
0 0.27946875000000004 0.8207500000000001 0.016843749999999998 0.024166666666666666
0 0.289359375 0.7490555555555556 0.012890625 0.01863888888888889
0 0.2980625 0.7025694444444445 0.04559375 0.05370833333333334
0 0.342671875 0.7063333333333334 0.00715625 0.013819444444444443
0 0.35519531249999997 0.6859305555555556 0.0111171875 0.012402777777777778
0 0.3644921875 0.6652916666666666 0.009664062499999999 0.016138888888888887
0 0.37240625 0.6425555555555555 0.0123046875 0.018097222222222223
0 0.3761640625 0.6562083333333334 0.006109375 0.011416666666666667
0 0.4064609375 0.7013472222222222 0.0134296875 0.01959722222222222
0 0.50115625 0.8301805555555556 0.0103046875 0.013958333333333335
0 0.5094375 0.6781944444444444 0.10914062499999999 0.10099999999999999
0 0.580609375 0.7218472222222222 0.018882812500000002 0.01486111111111111
0 0.6092265625 0.9758333333333333 0.0355 0.042736111111111114
0 0.76471875 0.9561388888888889 0.050601562499999996 0.08305555555555555
0 0.7657421875 0.7127083333333333 0.039984375 0.034069444444444444
0 0.929125 0.8453611111111111 0.0218046875 0.03026388888888889
0 0.9190078125 0.7972361111111111 0.021609375 0.017458333333333333
0 0.9707968749999999 0.8272361111111112 0.017585937500000003 0.018416666666666668
0 0.9956406250000001 0.8442361111111112 0.0087265625 0.010208333333333333
0 0.8090624999999999 0.9168055555555555 0.01796875 0.03156944444444444
0 0.7103203125 0.730375 0.0325234375 0.026291666666666665
0 0.713390625 0.6844166666666667 0.019140625 0.024388888888888887
0 0.7421328125 0.6522361111111111 0.014390625 0.012541666666666666
0 0.7490546874999999 0.6714722222222222 0.007140625 0.01161111111111111
0 0.790296875 0.5654861111111111 0.03740625 0.029694444444444443
0 0.7893749999999999 0.601125 0.028703125000000003 0.01626388888888889
0 0.7352734375 0.6075694444444444 0.0070078125 0.010416666666666666
0 0.7466484375 0.5936805555555555 0.00865625 0.008888888888888889
0 0.9973281249999999 0.544625 0.004765625 0.01611111111111111
0 0.9508828125000001 0.9506666666666667 0.0634140625 0.04913888888888889
1 0.52128125 0.46791666666666665 0.9574453125 0.9358333333333333