1 0.5 0.5 1 1
0 0.0964921875 0.43501388888888887 0.0694375 0.10119444444444445
0 0.09423437500000001 0.544 0.028867187500000002 0.043527777777777776
0 0.14296875 0.20855555555555555 0.28592968750000003 0.2662083333333333
0 0.7156796875 0.6184305555555555 0.5686328125 0.4259722222222222
0 0.6012500000000001 0.7231388888888889 0.09818750000000001 0.211625
0 0.439953125 0.9929583333333333 0.013578125 0.014083333333333335
0 0.20625 0.4027777777777778 0.040625 0.09722222222222222
0 0.171875 0.5583333333333333 0.05 0.1111111111111111
0 0.1296875 0.6930555555555555 0.0421875 0.11944444444444445
0 0.07578125 0.8701388888888889 0.059375 0.20416666666666666
0 0.03203125 0.9868055555555556 0.0140625 0.02638888888888889
0 0.445703125 0.8770833333333333 0.02578125 0.09027777777777778
0 0.23178125 0.26316666666666666 0.0619375 0.1559861111111111
0 0.00625 0.6125 0.0125 0.016666666666666666