0 0.0471796875 0.9274722222222221 0.0574453125 0.053611111111111116
0 0.11853906249999999 0.8550555555555556 0.033296875 0.045
0 0.1383125 0.7964305555555555 0.0165625 0.022430555555555554
0 0.2068828125 0.8059027777777777 0.01575 0.012513888888888889
0 0.23572656250000001 0.791138888888889 0.0379375 0.02626388888888889
0 0.04346875 0.7651527777777777 0.031265625000000005 0.012833333333333334
0 0.035546875 0.8505972222222221 0.012875000000000001 0.014444444444444446
0 0.0316484375 0.7215833333333332 0.011164062499999999 0.014277777777777776
0 0.10211718750000001 0.6844444444444444 0.0141484375 0.013027777777777779
0 0.01240625 0.7045694444444445 0.0122421875 0.01
0 0.009015625 0.6454444444444445 0.009515625 0.00986111111111111
0 0.0183671875 0.6634722222222222 0.0053984375000000005 0.008166666666666666
0 0.06021093749999999 0.6448194444444444 0.01046875 0.011097222222222222
0 0.07875 0.6423472222222222 0.0171328125 0.017180555555555553
0 0.130171875 0.6293888888888889 0.0778671875 0.06790277777777778
0 0.170171875 0.6454305555555555 0.057460937499999996 0.05326388888888889
0 0.1936328125 0.6536111111111111 0.0110078125 0.017194444444444446
0 0.32325 0.9602222222222222 0.0156953125 0.017305555555555557
0 0.2700546875 0.6386805555555556 0.0092265625 0.014361111111111111
0 0.20979687500000002 0.6665138888888889 0.012453124999999999 0.006027777777777778
0 0.3357890625 0.9055000000000001 0.0078125 0.014263888888888888
0 0.35743749999999996 0.8924861111111112 0.009523437499999999 0.00986111111111111
0 0.43167968749999996 0.8357222222222223 0.017015625 0.01626388888888889
0 0.44359374999999995 0.8214722222222223 0.0109296875 0.021097222222222222
0 0.3711953125 0.5934861111111112 0.0314609375 0.015944444444444445
0 0.31930468749999996 0.5872222222222222 0.012882812499999998 0.011541666666666667
0 0.2948984375 0.5263611111111112 0.0198515625 0.016027777777777776
0 0.267859375 0.5011111111111112 0.0200390625 0.016916666666666667
0 0.4902578125 0.7788611111111111 0.0114453125 0.016125
0 0.4629921875 0.7259861111111111 0.0152421875 0.015875
0 0.5165703125000001 0.772375 0.026023437500000003 0.01938888888888889
0 0.49907031249999995 0.891361111111111 0.015375 0.021125
0 0.49935156249999996 0.9476666666666668 0.0179765625 0.024638888888888887
0 0.5201171875 0.8924305555555555 0.013851562500000001 0.03588888888888889
0 0.598921875 0.7823472222222222 0.024890625 0.029430555555555557
0 0.559171875 0.7894027777777778 0.011828125 0.0345
0 0.5012578125 0.6736944444444445 0.0293828125 0.03930555555555556
0 0.5315624999999999 0.6915 0.029640624999999997 0.018847222222222224
0 0.5118750000000001 0.6142777777777777 0.015125 0.016055555555555556
0 0.4812890625 0.5988333333333333 0.0148046875 0.013125
0 0.612078125 0.7117777777777778 0.033453125 0.02334722222222222
0 0.557140625 0.6813472222222222 0.0133515625 0.014958333333333332
0 0.605390625 0.6285972222222221 0.01703125 0.01675
0 0.57375 0.6100555555555556 0.02578125 0.016625
0 0.765453125 0.8843055555555556 0.032859375 0.03859722222222222
0 0.8766171875 0.8467222222222222 0.055890625000000006 0.04726388888888889
0 0.9952343750000001 0.8130000000000001 0.00953125 0.03075
0 0.690703125 0.7827500000000001 0.01878125 0.018486111111111113
0 0.7070000000000001 0.7111666666666666 0.0381796875 0.06919444444444445
0 0.734609375 0.7154999999999999 0.015296874999999998 0.021055555555555557
0 0.7902109375 0.7225555555555556 0.0296328125 0.030638888888888886
0 0.794546875 0.6673749999999999 0.02665625 0.024875
0 0.8357265625 0.7058055555555556 0.017210937500000002 0.01338888888888889
0 0.8420624999999999 0.8066944444444445 0.01975 0.016805555555555556
0 0.8524609375000001 0.6801666666666667 0.0268515625 0.025208333333333333
0 0.86815625 0.6302916666666667 0.0201953125 0.024638888888888887
0 0.96340625 0.7180416666666667 0.0205234375 0.012611111111111111
0 0.6560234375 0.6527361111111112 0.031078125 0.022652777777777775
0 0.6413828125000001 0.5777222222222222 0.015984375000000002 0.02047222222222222
0 0.6493046875 0.5937777777777777 0.016625 0.010513888888888889
0 0.662015625 0.6104027777777777 0.014656250000000001 0.018236111111111113
0 0.68071875 0.6026944444444444 0.0114921875 0.03254166666666666
0 0.8465078125 0.7547499999999999 0.0260859375 0.02381944444444444
0 0.3779375 0.46344444444444444 0.016046875 0.012833333333333334
0 0.433890625 0.4638333333333333 0.0696171875 0.025166666666666667
0 0.5083203125 0.4719583333333333 0.022203125 0.021736111111111112
0 0.58496875 0.5055 0.04009375 0.03922222222222222
0 0.6203125 0.5231944444444444 0.0093515625 0.015111111111111112
0 0.631625 0.5185694444444444 0.007640625 0.008569444444444444
0 0.7244765625 0.5115277777777778 0.0837890625 0.03955555555555556
0 0.7677734375 0.4846388888888889 0.046640625000000005 0.020055555555555556
0 0.7719921875 0.5020555555555556 0.02709375 0.013652777777777778
0 0.7860625 0.5235277777777778 0.012125 0.012624999999999999
0 0.9554218750000001 0.659125 0.0319375 0.021902777777777778
0 0.90346875 0.7517222222222222 0.02996875 0.034
1 0.5 0.4802777777777778 1 0.9233888888888889
0 0.6906718749999999 0.6569583333333333 0.0234765625 0.01148611111111111
0 0.8387890625000001 0.5395972222222222 0.013796875 0.018305555555555554