1 0.5 0.5 1 1
0 0.10178125 0.4104027777777778 0.0664296875 0.09583333333333334
0 0.14551562499999998 0.20413888888888887 0.29103124999999996 0.2573888888888889
0 0.7156796875 0.6385138888888889 0.5686328125 0.4340833333333334
0 0.4435546875 0.9673333333333334 0.018265625 0.06531944444444444
0 0.157640625 0.6073888888888889 0.0999140625 0.23190277777777776
0 0.20149218750000003 0.4105138888888889 0.0566171875 0.140125
0 0.08159374999999999 0.8437222222222223 0.0577265625 0.17565277777777777
0 0.0380234375 0.9845277777777778 0.01609375 0.030944444444444445
0 0.046625 0.9527638888888889 0.007773437499999999 0.01875
0 0.01171875 0.5930555555555556 0.0234375 0.019444444444444445