1 0.5 0.3806805555555555 1 0.761361111111111
0 0.0183984375 0.5137361111111111 0.013492187499999999 0.05530555555555556
0 0.4297890625 0.6729722222222223 0.06609374999999999 0.1754861111111111
0 0.47651562500000005 0.3637222222222222 0.0504765625 0.03733333333333333
0 0.13371875 0.7900694444444445 0.014343749999999999 0.04170833333333333
0 0.284234375 0.7135277777777778 0.031546875 0.05386111111111111
0 0.22579687499999998 0.6499722222222223 0.0080078125 0.014555555555555556
0 0.23942968750000002 0.6464444444444445 0.008125 0.017583333333333333
0 0.08512499999999999 0.6497083333333333 0.0894765625 0.09863888888888889
0 0.143234375 0.6941805555555556 0.007867187500000001 0.01176388888888889
0 0.6173671875 0.929375 0.020398437499999998 0.013736111111111112
0 0.5470390625 0.9283611111111111 0.00825 0.011708333333333333
0 0.9353281250000001 0.40452777777777776 0.0158359375 0.026319444444444444
0 0.9946875000000001 0.35541666666666666 0.0106328125 0.01538888888888889
0 0.8442734375000001 0.4485138888888889 0.11925 0.09166666666666666
0 0.766078125 0.5081805555555555 0.0131015625 0.01573611111111111
0 0.1016328125 0.4276666666666667 0.015734375000000002 0.016569444444444446
0 0.214296875 0.7081527777777777 0.0052734375 0.011958333333333333
0 0.2330625 0.7191666666666666 0.0155234375 0.011958333333333333
0 0.24610156249999998 0.7469305555555555 0.0072968749999999995 0.014583333333333334
0 0.166484375 0.5294722222222222 0.0052421875 0.01351388888888889
0 0.18262499999999998 0.6292777777777777 0.0047734375 0.009305555555555556
0 0.2053203125 0.6270972222222222 0.008046875 0.009930555555555555
0 0.2879375 0.6626388888888889 0.00503125 0.013861111111111112
0 0.31330468749999996 0.6705833333333333 0.0036953125000000002 0.008791666666666666
0 0.007828125 0.5844583333333333 0.013945312500000001 0.04168055555555556
0 0.014960937499999999 0.6709861111111112 0.014249999999999999 0.023875
0 0.10709375000000002 0.5217222222222222 0.006812500000000001 0.009208333333333334
0 0.12371093749999999 0.5156527777777777 0.0032265625 0.009986111111111112
0 0.1286953125 0.5136666666666666 0.003515625 0.00775
0 0.1482109375 0.5052361111111111 0.003609375 0.009125000000000001
0 0.1877265625 0.7032222222222222 0.0113046875 0.012916666666666668
0 0.164515625 0.6757083333333334 0.01565625 0.01663888888888889
0 0.18267968750000002 0.7449861111111111 0.0042734374999999995 0.01376388888888889
0 0.2531875 0.6891388888888889 0.010070312500000001 0.022819444444444444
0 0.2500078125 0.6295555555555555 0.0071328125 0.018069444444444444
0 0.20256249999999998 0.5906111111111111 0.0057734375 0.011291666666666669
0 0.2035546875 0.6137222222222222 0.0044531250000000005 0.011208333333333334
0 0.2321796875 0.537875 0.008375 0.010152777777777778
0 0.276828125 0.5823472222222222 0.0063437499999999996 0.007263888888888889
0 0.3088203125 0.6264305555555555 0.0066640625 0.008708333333333334
0 0.3483046875 0.6714583333333333 0.056906250000000005 0.06851388888888889
0 0.22116406249999998 0.6270416666666667 0.016718749999999998 0.017291666666666667
0 0.2618359375 0.6292916666666666 0.0046875 0.0061666666666666675
0 0.067484375 0.7310000000000001 0.006984374999999999 0.009194444444444444