1 0.5 0.4409722222222222 1 0.8819444444444444
0 0.2892734375 0.1955138888888889 0.1798828125 0.223875
0 0.37017968749999997 0.04609722222222222 0.039054687500000004 0.07161111111111111
0 0.47540625 0.2566388888888889 0.056257812500000004 0.08766666666666666
0 0.7498203125 0.18297222222222223 0.0190078125 0.034152777777777775
0 0.71978125 0.21291666666666667 0.013171875 0.024375
0 0.6603203125 0.16393055555555555 0.0241484375 0.03708333333333333
0 0.537875 0.3577638888888889 0.027445312500000003 0.020763888888888887
0 0.5438359375 0.32390277777777776 0.0343046875 0.03134722222222222
0 0.6238203125 0.3630138888888889 0.118015625 0.11237499999999999
0 0.7731874999999999 0.5419444444444445 0.046656249999999996 0.05952777777777778
0 0.9868828125 0.713013888888889 0.026242187500000003 0.043875
0 0.9838281249999999 0.7670555555555555 0.0200546875 0.03725
0 0.94434375 0.7569027777777778 0.0198359375 0.04936111111111111
0 0.894890625 0.653375 0.026609375 0.04936111111111111
0 0.8304921875 0.6458333333333334 0.1276484375 0.1398611111111111
0 0.9329296875 0.6830555555555555 0.017859375 0.022986111111111113
0 0.7714531250000001 0.18909722222222222 0.0187734375 0.028180555555555556
0 0.435359375 0.23179166666666665 0.0198515625 0.027263888888888886