1 0.5 0.3570277777777778 1 0.7140416666666667
0 0.46753125000000006 0.5588194444444444 0.03053125 0.033638888888888885
0 0.2655234375 0.39040277777777777 0.053414062500000005 0.06108333333333333
0 0.2453359375 0.6284861111111111 0.03634375 0.06601388888888889
0 0.19478125 0.5101805555555555 0.0234765625 0.027263888888888886
0 0.22390625000000003 0.5625972222222222 0.013546875 0.018000000000000002
0 0.08136718750000001 0.4795138888888889 0.0132265625 0.014069444444444445
0 0.095109375 0.4822777777777778 0.0124296875 0.0125
0 0.16114062499999998 0.3194444444444444 0.01234375 0.036166666666666666
0 0.2877421875 0.612875 0.0171171875 0.024680555555555556
0 0.32482812499999997 0.62275 0.01290625 0.02622222222222222
0 0.31560156250000004 0.48506944444444444 0.01203125 0.02698611111111111
0 0.365375 0.5679166666666666 0.00975 0.024638888888888887
0 0.4031328125 0.6125694444444445 0.014195312500000001 0.024097222222222225
0 0.7647734374999999 0.5975555555555556 0.021671875 0.03159722222222222
0 0.029625000000000002 0.43969444444444444 0.0099765625 0.015333333333333332
0 0.040390625 0.4395416666666667 0.008703125 0.013888888888888888