1 0.4796875 0.28541666666666665 0.959375 0.5708333333333333
0 0.728890625 0.6003472222222223 0.0100546875 0.0195
0 0.6955703125 0.605375 0.0128203125 0.02436111111111111
0 0.7222734375 0.62925 0.0326875 0.043416666666666666
0 0.7457265625 0.6391666666666667 0.009210937499999999 0.017513888888888888
0 0.32394531249999997 0.4840555555555555 0.0646640625 0.03944444444444444
0 0.38068749999999996 0.4722222222222222 0.02853125 0.06086111111111111
0 0.45464843750000006 0.5192222222222221 0.0214375 0.043250000000000004
0 0.4699453125 0.546625 0.012046875 0.02698611111111111
0 0.5185078125 0.46730555555555553 0.08121874999999999 0.1856111111111111
0 0.3470234375 0.4225555555555556 0.011765625 0.031097222222222224
0 0.7628359375 0.4436944444444444 0.007875 0.016555555555555556
0 0.4263515625 0.49520833333333336 0.0128203125 0.025694444444444443