1 0.5 0.18541666666666667 1 0.37083333333333335
0 0.23033593749999998 0.49879166666666663 0.0188359375 0.04566666666666667
0 0.29498437499999997 0.4850833333333333 0.01128125 0.013875
0 0.31103125 0.477375 0.0208203125 0.02313888888888889
0 0.3437890625 0.4723611111111111 0.0342734375 0.03779166666666667
0 0.4023515625 0.3886805555555556 0.022125 0.04936111111111111
0 0.3915078125 0.45191666666666663 0.019523437499999997 0.043180555555555555
0 0.44789843749999997 0.44691666666666663 0.0360078125 0.06247222222222222
0 0.487375 0.5012777777777778 0.0316640625 0.04009722222222222
0 0.5342265625 0.5024305555555556 0.020390625000000002 0.050125
0 0.558734375 0.5174722222222222 0.0190859375 0.03238888888888889
0 0.61946875 0.5479444444444445 0.0850234375 0.12108333333333335
0 0.6498359375 0.30462500000000003 0.0954375 0.12493055555555556
0 0.6081875 0.19743055555555555 0.05639062500000001 0.050902777777777776
0 0.8159765625000001 0.24486111111111114 0.01821875 0.03779166666666667