1 0.5 0.23819444444444443 1 0.47638888888888886
0 0.32420312500000004 0.4877638888888889 0.06541406250000001 0.04373611111111111
0 0.349421875 0.4171111111111111 0.026382812500000002 0.03925
0 0.3774140625 0.4754027777777778 0.0374375 0.060847222222222226
0 0.47090624999999997 0.5544027777777778 0.0132890625 0.01852777777777778
0 0.45345312499999996 0.5113333333333334 0.008078125 0.01575
0 0.524578125 0.5805694444444445 0.0164140625 0.03011111111111111
0 0.4871875 0.5421388888888888 0.012507812500000002 0.021763888888888888
0 0.5383984374999999 0.4578333333333333 0.0777734375 0.20981944444444445
0 0.6393359375000001 0.6123055555555555 0.025007812499999997 0.02779166666666667
0 0.6376484375 0.5789583333333334 0.0132890625 0.03334722222222222
0 0.6603125000000001 0.5599583333333333 0.0117265625 0.021305555555555557
0 0.70446875 0.6250416666666666 0.05575 0.04677777777777778
0 0.7873203125 0.42309722222222224 0.02396875 0.05511111111111111