1 0.5 0.4560972222222222 1 0.9121805555555556
0 0.13466406250000001 0.4959444444444444 0.1144765625 0.09874999999999999
0 0.039382812499999996 0.6048194444444445 0.0619765625 0.07569444444444444
0 0.349140625 0.7211388888888889 0.0700703125 0.06618055555555555
0 0.26325 0.7124722222222223 0.0857578125 0.14968055555555554
0 0.12175 0.7862916666666666 0.155671875 0.12147222222222222
0 0.684390625 0.4748055555555556 0.08352343749999999 0.05618055555555556
0 0.6441953125000001 0.34944444444444445 0.028242187499999998 0.043208333333333335
0 0.5511796875 0.3552916666666667 0.053921874999999994 0.09229166666666667
0 0.558828125 0.5808055555555556 0.007640625 0.008930555555555554
0 0.5097109375 0.5400277777777778 0.0062265624999999995 0.009805555555555555
0 0.5229375 0.5405 0.0062656249999999995 0.01811111111111111
0 0.50990625 0.5700138888888889 0.0045546875 0.00813888888888889
0 0.02496875 0.4678333333333333 0.01040625 0.01184722222222222