1 0.5 0.4280138888888889 1 0.8560277777777778
0 0.0072968749999999995 0.8325138888888889 0.014593749999999999 0.029708333333333333
0 0.17677343750000002 0.4648055555555556 0.08349218750000001 0.0772638888888889
0 0.08442968749999999 0.7802361111111111 0.0325078125 0.035930555555555556
0 0.10096875000000001 0.7294305555555556 0.0206328125 0.034055555555555554
0 0.0225 0.6097777777777778 0.0449921875 0.08777777777777779
0 0.078265625 0.5627916666666667 0.0718828125 0.08374999999999999
0 0.20592968749999999 0.7431805555555556 0.052140624999999996 0.09231944444444444
0 0.2829609375 0.6800277777777778 0.020273437499999998 0.032375
0 0.40695312499999997 0.6713472222222222 0.0556796875 0.06352777777777778
0 0.4310390625 0.4754722222222222 0.0409921875 0.08918055555555554
0 0.4974765625 0.29727777777777775 0.053093749999999995 0.02952777777777778
0 0.586796875 0.3050138888888889 0.058765625 0.0782638888888889
0 0.6849453125 0.2907222222222222 0.028765625 0.04756944444444444
0 0.7361796875 0.3091527777777778 0.0184609375 0.058708333333333335
0 0.9659921875 0.409375 0.06802343749999999 0.11013888888888888