1 0.5 0.39577777777777773 1 0.7915416666666666
0 0.067859375 0.6835 0.0233984375 0.03425
0 0.1774453125 0.6714305555555555 0.103125 0.10363888888888889
0 0.22132812500000001 0.4842916666666667 0.023554687499999998 0.03247222222222222
0 0.2275234375 0.4603888888888889 0.012984375000000001 0.013847222222222223
0 0.2756875 0.28775 0.026007812499999998 0.030208333333333334
0 0.381796875 0.3110833333333333 0.0598515625 0.07477777777777778
0 0.7775078125 0.42247222222222225 0.0414765625 0.049166666666666664
0 0.6588515625 0.5048333333333334 0.0126953125 0.010833333333333334
0 0.6334453124999999 0.3755277777777778 0.0070078125 0.011819444444444445
0 0.6649765624999999 0.4065555555555556 0.007734375 0.009708333333333334
0 0.4733203125 0.29459722222222223 0.0411171875 0.02786111111111111
0 0.5376171875 0.33543055555555557 0.015492187499999999 0.01911111111111111