1 0.391796875 0.3402777777777778 0.78359375 0.6805555555555556
0 0.75475 0.7052222222222222 0.09459375 0.08684722222222223
0 0.8185 0.7527361111111112 0.019523437499999997 0.026319444444444444
0 0.6251796875 0.3913888888888889 0.0406484375 0.09463888888888888
0 0.5404609375 0.5417361111111111 0.140671875 0.10587500000000001
0 0.4415234375 0.4992361111111111 0.05515625 0.08279166666666667
0 0.435015625 0.407625 0.021734375 0.03676388888888889
0 0.38459374999999996 0.5036944444444444 0.0423203125 0.08034722222222222
0 0.3009453125 0.46399999999999997 0.02421875 0.025361111111111112
0 0.32875 0.4298888888888889 0.020273437499999998 0.01788888888888889
0 0.3424375 0.46304166666666663 0.0525625 0.04247222222222222