1 0.5 0.2263888888888889 1 0.4527777777777778
0 0.349078125 0.44197222222222227 0.043953124999999996 0.043638888888888894
0 0.400453125 0.3480972222222222 0.0165546875 0.03652777777777778
0 0.3913203125 0.42470833333333335 0.011984375 0.021305555555555557
0 0.4295625 0.4480555555555556 0.0142734375 0.03145833333333333
0 0.47095312500000003 0.40288888888888885 0.03425 0.060888888888888895
0 0.5331718750000001 0.4972777777777778 0.08106250000000001 0.19891666666666666
0 0.6202265625 0.5109722222222222 0.037101562500000004 0.03755555555555556
0 0.592546875 0.5566388888888889 0.018265625 0.035513888888888887
0 0.628796875 0.5703472222222222 0.03825 0.03652777777777778
0 0.701859375 0.5774444444444444 0.0839140625 0.08525
0 0.682453125 0.4754583333333333 0.0770625 0.08423611111111111
0 0.658765625 0.3303333333333333 0.0091328125 0.015222222222222224
0 0.882828125 0.5571944444444444 0.23434375 0.32004166666666667
0 0.855234375 0.4303333333333333 0.0117109375 0.02313888888888889
0 0.7669609375 0.5309722222222223 0.0104140625 0.028527777777777777