1 0.5 0.3888888888888889 1 0.7777777777777778
0 0.194671875 0.6459722222222223 0.1582734375 0.2751944444444444
0 0.0135625 0.10851388888888888 0.027125 0.06097222222222222
0 0.0782421875 0.4660694444444444 0.0074140625000000005 0.021097222222222222
0 0.09325781250000001 0.47068055555555555 0.0114921875 0.01977777777777778
0 0.1401640625 0.4334444444444444 0.0103828125 0.017805555555555557
0 0.08046875 0.4845277777777778 0.006671874999999999 0.009222222222222222
0 0.2955390625 0.029333333333333336 0.031148437499999997 0.050763888888888886
0 0.27273437500000003 0.1598611111111111 0.010015625 0.017805555555555557
0 0.300359375 0.1325 0.009640625 0.01186111111111111
0 0.33874218749999996 0.20172222222222225 0.018171875 0.03163888888888889
0 0.363765625 0.18193055555555557 0.02521875 0.04223611111111111
0 0.38140625 0.137125 0.040890625 0.048777777777777774
0 0.40085156250000004 0.07877777777777778 0.0445 0.07580555555555556
0 0.3257578125 0.32433333333333336 0.037453125 0.08965277777777778
0 0.344484375 0.26237499999999997 0.00815625 0.01186111111111111
0 0.35728125 0.2992916666666667 0.013718749999999998 0.01977777777777778
0 0.3164765625 0.44893055555555555 0.052523437500000006 0.03823611111111111
0 0.381421875 0.4160416666666667 0.0144375 0.01925
0 0.38559375 0.48163888888888884 0.02759375 0.03922222222222222
0 0.58809375 0.4740972222222223 0.3699296875 0.40652777777777777
0 0.848421875 0.5147361111111112 0.025890625 0.03756944444444445
0 0.8642421875 0.42856944444444445 0.010140625 0.015527777777777777
0 0.8546640625 0.4478611111111111 0.01634375 0.020041666666666666
0 0.9019375000000001 0.47125 0.055078125 0.034208333333333334
0 0.9589921875 0.45238888888888895 0.0535390625 0.07327777777777778