1 0.48303906249999995 0.44913888888888887 0.9660703125 0.8982638888888889
0 0.035164062499999996 0.8282638888888889 0.031492187500000005 0.034180555555555554
0 0.01484375 0.7405138888888888 0.0085703125 0.009930555555555555
0 0.011421875 0.7679861111111111 0.00703125 0.010472222222222223
0 0.12245312500000001 0.7977222222222222 0.10772656249999998 0.08299999999999999
0 0.035953125 0.7797361111111111 0.021421875 0.03973611111111111
0 0.28047656249999997 0.7504305555555555 0.012640624999999999 0.037097222222222226
0 0.3361171875 0.7270416666666667 0.044015625 0.05720833333333333
0 0.2890859375 0.6361805555555555 0.014875 0.032375
0 0.031070312500000002 0.6113194444444444 0.062140625000000005 0.06188888888888889
0 0.1033671875 0.4787361111111111 0.11589843749999999 0.10208333333333333
0 0.6493671875 0.4494305555555555 0.10285156250000001 0.104125
0 0.52715625 0.3597916666666667 0.0637734375 0.08509722222222223
0 0.6308203125 0.3532222222222222 0.04265625 0.04958333333333334
0 0.032703125 0.43091666666666667 0.01215625 0.04463888888888889
0 0.007375 0.45426388888888886 0.0142578125 0.018152777777777778
0 0.052960937500000006 0.7341527777777779 0.020171875 0.016194444444444445