1 0.5 0.2795138888888889 1 0.5590277777777778
0 0.006640625 0.5368055555555555 0.01328125 0.018055555555555554
0 0.0246875 0.5374027777777778 0.012453124999999999 0.018236111111111113
0 0.35388281250000003 0.47998611111111106 0.6181796875 0.30551388888888886
0 0.636828125 0.41556944444444444 0.0432734375 0.050166666666666665
0 0.2297578125 0.4025972222222222 0.0089375 0.012541666666666666
0 0.055507812499999996 0.4552638888888889 0.0149921875 0.01113888888888889
0 0.753734375 0.5919166666666666 0.1639296875 0.2519166666666667
0 0.9947734374999999 0.4118472222222222 0.0104609375 0.03211111111111111
0 0.969953125 0.44208333333333333 0.0283828125 0.06172222222222222
0 0.984140625 0.4877638888888889 0.012671874999999999 0.01876388888888889