1 0.5 0.3113888888888889 1 0.6227638888888889
0 0.1073203125 0.6027777777777777 0.0807890625 0.048125
0 0.2050625 0.6234444444444445 0.0111328125 0.014374999999999999
0 0.22828125 0.6255277777777778 0.0053671875 0.008458333333333333
0 0.2916796875 0.5905138888888889 0.086890625 0.071375
0 0.43578124999999995 0.5466527777777778 0.028429687500000002 0.06430555555555555
0 0.517625 0.5528611111111111 0.035421875000000005 0.015958333333333335
0 0.682546875 0.5141111111111112 0.0561328125 0.07743055555555556
0 0.7713359375 0.5236666666666667 0.00953125 0.04395833333333333
0 0.8098124999999999 0.5319583333333333 0.00709375 0.012236111111111113
0 0.8752734375 0.5209027777777778 0.05178125 0.070125
0 0.9776015625 0.5559722222222222 0.013296875 0.023194444444444445
0 0.3853828125 0.56775 0.044421875 0.04679166666666666
0 0.9442578125000001 0.5442361111111111 0.015562500000000002 0.03191666666666667
0 0.6010234375 0.5434027777777778 0.0055625 0.013375000000000001
0 0.8201328125 0.5316666666666667 0.009726562499999999 0.010916666666666667
0 0.7461875 0.530125 0.012390624999999999 0.03663888888888889
0 0.7335625 0.522 0.00475 0.02326388888888889
0 0.194703125 0.6260972222222223 0.0052890624999999995 0.008277777777777778