1 0.5 0.27293055555555557 1 0.5456527777777778
0 0.013468749999999998 0.5003055555555556 0.0122890625 0.01626388888888889
0 0.08165625 0.5110833333333333 0.0088125 0.022708333333333334
0 0.14195312499999999 0.53025 0.0404921875 0.03166666666666667
0 0.23595312499999999 0.5411111111111111 0.0232578125 0.022611111111111113
0 0.309046875 0.5443194444444445 0.0731875 0.029805555555555557
0 0.46432812500000004 0.5239305555555556 0.105125 0.027638888888888886
0 0.590953125 0.5008888888888888 0.077 0.06243055555555556
0 0.6982734374999999 0.5420694444444445 0.0297421875 0.06472222222222222
0 0.868765625 0.5443611111111111 0.0130859375 0.021500000000000002
0 0.978875 0.5408194444444444 0.007773437499999999 0.007375
0 0.0445546875 0.5072222222222222 0.014765625 0.014597222222222222
0 0.016453125 0.4800138888888889 0.0111171875 0.027902777777777776
0 0.3547109375 0.5463888888888888 0.0101171875 0.020097222222222225
0 0.26721093749999997 0.5409722222222222 0.0040703125 0.006194444444444444
0 0.217078125 0.5377083333333333 0.010007812500000001 0.02126388888888889
0 0.8473359374999999 0.5406805555555556 0.018226562499999998 0.025708333333333337
0 0.8603671875 0.5162222222222222 0.00696875 0.010791666666666666
0 0.646 0.528125 0.00678125 0.011305555555555557
0 0.401859375 0.5310138888888889 0.0101015625 0.01925
0 0.092671875 0.5112222222222222 0.0074140625000000005 0.023625000000000004
0 0.5240078125000001 0.50675 0.0143984375 0.015166666666666667