1 0.246484375 0.34097222222222223 0.49296875 0.6819444444444445
0 0.42328124999999994 0.032375 0.11294531249999999 0.0628611111111111
0 0.46624999999999994 0.091625 0.020453125 0.03779166666666667
0 0.48971093750000005 0.14402777777777778 0.02165625 0.02423611111111111
0 0.5017421875 0.19893055555555555 0.039304687500000005 0.052763888888888895
0 0.4955234375 0.24598611111111113 0.0100234375 0.018541666666666665
0 0.4997109375 0.2865138888888889 0.049562499999999995 0.044375
0 0.49447656249999994 0.33499999999999996 0.0183828125 0.032125
0 0.46325781250000003 0.5311111111111111 0.018070312499999998 0.05127777777777778
0 0.49891406250000003 0.5680138888888889 0.041203125 0.05522222222222222
0 0.4848125 0.38769444444444445 0.0091953125 0.018027777777777778