1 0.5 0.3861111111111111 1 0.7722222222222223
0 0.196625 0.6459722222222223 0.1543671875 0.2751944444444444
0 0.0125859375 0.10619444444444444 0.025171875 0.06559722222222222
0 0.0801328125 0.46494444444444444 0.0074140625000000005 0.021097222222222222
0 0.0946640625 0.47068055555555555 0.0114921875 0.01977777777777778
0 0.1401640625 0.4334444444444444 0.0103828125 0.017805555555555557
0 0.08046875 0.4845277777777778 0.006671874999999999 0.009222222222222222
0 0.2932265625 0.03186111111111111 0.0346328125 0.05523611111111112
0 0.2743671875 0.16205555555555556 0.0099921875 0.01634722222222222
0 0.300359375 0.1325 0.009640625 0.01186111111111111
0 0.3381953125 0.20026388888888888 0.0192734375 0.034569444444444444
0 0.3653515625 0.18333333333333332 0.02521875 0.03716666666666667
0 0.38140625 0.137125 0.040890625 0.048777777777777774
0 0.39831249999999996 0.08131944444444444 0.0470390625 0.06848611111111111
0 0.325296875 0.32558333333333334 0.0431328125 0.08130555555555555
0 0.345125 0.261125 0.00940625 0.01998611111111111
0 0.36491406249999997 0.2944027777777778 0.024546875000000003 0.034694444444444444
0 0.3184921875 0.4538472222222222 0.041749999999999995 0.034555555555555555
0 0.3798359375 0.4177361111111111 0.0144375 0.01925
0 0.3873984375 0.4816944444444444 0.019515625 0.027180555555555555
0 0.5857265625 0.5364027777777778 0.37090625 0.286625
0 0.8696328125000001 0.4023611111111111 0.0215546875 0.08033333333333334
0 0.8417187500000001 0.4864583333333333 0.0105546875 0.04540277777777778
0 0.9044453125 0.4714722222222222 0.049765625 0.02816666666666667
0 0.9632890625 0.4476388888888889 0.0436328125 0.07038888888888889
0 0.855296875 0.506986111111111 0.013171875 0.05923611111111111
0 0.10582812500000001 0.4143472222222222 0.00840625 0.012097222222222223
0 0.5228515625 0.31330555555555556 0.025039062499999997 0.072125