1 0.4063203125 0.49930555555555556 0.8080859374999999 0.998625
0 0.5308437500000001 0.8811111111111111 0.1399609375 0.23429166666666668
0 0.4864453125 0.7416527777777778 0.021281249999999998 0.042180555555555554
0 0.23170312499999998 0.4607361111111111 0.03253125 0.081
0 0.32135156249999997 0.5754444444444444 0.0465703125 0.042930555555555555
0 0.2239921875 0.5900972222222223 0.0137578125 0.02706944444444444
0 0.36075 0.42170833333333335 0.035476562499999996 0.033694444444444444
0 0.4483671875 0.4561944444444444 0.018664062500000002 0.025347222222222222
0 0.647875 0.768375 0.0145546875 0.024638888888888887
0 0.63171875 0.7186111111111111 0.0081328125 0.017208333333333332
0 0.5468046875 0.5920694444444444 0.0229296875 0.04741666666666667
0 0.50946875 0.4731944444444444 0.032695312500000004 0.03313888888888889
0 0.3970078125 0.43194444444444446 0.01775 0.013972222222222223
0 0.41764062500000004 0.4261388888888889 0.013804687500000001 0.010013888888888888
0 0.1399921875 0.30295833333333333 0.008140625 0.012902777777777777
0 0.6078281249999999 0.6248750000000001 0.017656250000000002 0.027416666666666666
0 0.44444531249999997 0.9048194444444445 0.0299375 0.10266666666666667
0 0.4121171875 0.915375 0.0251015625 0.05027777777777778