1 0.5 0.28680555555555554 1 0.5736111111111111
0 0.013484375000000002 0.48711111111111116 0.012968750000000001 0.041180555555555554
0 0.0777734375 0.5160138888888889 0.006625000000000001 0.0073194444444444435
0 0.1490234375 0.5318472222222222 0.057937499999999996 0.04172222222222222
0 0.22865625 0.5320277777777778 0.031125000000000003 0.03704166666666667
0 0.2476015625 0.5463888888888888 0.0075 0.014777777777777779
0 0.29290625000000003 0.5381111111111111 0.07409375 0.03801388888888889
0 0.3503359375 0.5462777777777778 0.025257812499999997 0.020125
0 0.40660937500000005 0.5241666666666667 0.0246328125 0.03256944444444444
0 0.44903125 0.5238888888888888 0.040703125 0.026458333333333334
0 0.486765625 0.5248333333333334 0.0176328125 0.014333333333333333
0 0.5756875 0.5053333333333333 0.10472656250000001 0.05445833333333334
0 0.5652578125 0.5215416666666667 0.005625 0.009125000000000001
0 0.6385234375 0.528 0.007265625 0.012416666666666666
0 0.6993984375 0.5491527777777777 0.0251484375 0.042805555555555555
0 0.845578125 0.54025 0.0154296875 0.029263888888888888
0 0.86071875 0.5164166666666666 0.0115078125 0.011541666666666667
0 0.976875 0.5395555555555556 0.0094453125 0.009930555555555555