1 0.38828125 0.39791666666666664 0.7765625 0.7958333333333333
0 0.487109375 0.8326388888888889 0.02890625 0.04861111111111111
0 0.501171875 0.32430555555555557 0.06796875 0.37916666666666665
0 0.8446562500000001 0.7037222222222222 0.03003125 0.05636111111111111
0 0.8131640625 0.504986111111111 0.0087578125 0.017791666666666667
0 0.8281796874999999 0.5613472222222222 0.0037578125 0.010374999999999999
0 0.8258125 0.5327916666666667 0.006617187500000001 0.018722222222222223
0 0.832734375 0.5212916666666666 0.00571875 0.010166666666666668
0 0.820625 0.5015 0.0046640625 0.009097222222222222
0 0.765109375 0.503375 0.0040625 0.006416666666666667
0 0.7523203125 0.52825 0.005265625 0.009625
0 0.8806328125 0.671138888888889 0.009734375 0.016319444444444445
0 0.83765625 0.6342916666666667 0.0075078125 0.02126388888888889
0 0.289015625 0.7344583333333332 0.009929687500000001 0.025680555555555554