1 0.5 0.5 1 1
0 0.3453203125 0.949763888888889 0.0348515625 0.036055555555555556
0 0.1831484375 0.49570833333333336 0.02715625 0.05859722222222222
0 0.2954296875 0.5049305555555555 0.092171875 0.1674027777777778
0 0.47740625000000003 0.5769166666666666 0.1362734375 0.19640277777777776
0 0.7642187500000001 0.5396527777777778 0.054898437499999994 0.0937638888888889
0 0.6962265624999999 0.6454444444444445 0.016140625 0.028069444444444445
0 0.6756015625 0.62025 0.026289062499999998 0.024930555555555553
0 0.8855703125 0.8886805555555556 0.054796875 0.04694444444444444
0 0.8034609375 0.8442500000000001 0.0938671875 0.0948611111111111
0 0.660984375 0.5126666666666667 0.010843750000000001 0.021111111111111112
0 0.7060546875 0.5609027777777779 0.0227109375 0.02251388888888889
0 0.903484375 0.6609305555555556 0.0304921875 0.036875
0 0.9067421875000001 0.6917777777777777 0.0101796875 0.013972222222222223
0 0.64034375 0.7419722222222223 0.0251796875 0.04088888888888889
0 0.74809375 0.7285416666666666 0.0165390625 0.03813888888888889
0 0.7801953125 0.7029583333333334 0.0109375 0.041930555555555554