1 0.5 0.38819444444444445 1 0.7763888888888889
0 0.014265625 0.09941666666666667 0.0285390625 0.0763611111111111
0 0.044734375 0.08880555555555555 0.0115234375 0.01951388888888889
0 0.07814062499999999 0.4594861111111111 0.0102734375 0.01926388888888889
0 0.194875 0.6521805555555555 0.156109375 0.2608611111111111
0 0.5274453125 0.34318055555555554 0.015671875 0.030722222222222224
0 0.34553124999999996 0.26184722222222223 0.012625 0.014930555555555556
0 0.32853125 0.3223888888888889 0.03640625 0.08775
0 0.3161640625 0.44949999999999996 0.057835937500000004 0.03584722222222222
0 0.3168828125 0.5373333333333333 0.009328125 0.017569444444444447
0 0.3800703125 0.41851388888888885 0.0153671875 0.019791666666666666
0 0.3963671875 0.438625 0.0078046875 0.016583333333333332
0 0.3394921875 0.20101388888888888 0.021406249999999998 0.029277777777777774
0 0.2933828125 0.03159722222222222 0.03896875 0.042180555555555554
0 0.3872421875 0.04683333333333333 0.014820312499999998 0.03708333333333333
0 0.8525546875 0.47037500000000004 0.0359296875 0.11704166666666665
0 0.9083125000000001 0.47245833333333337 0.0560703125 0.03909722222222222
0 0.963765625 0.4505416666666667 0.052500000000000005 0.0775
0 0.38990625 0.4815694444444445 0.014984375 0.03611111111111111
0 0.48165625 0.6415972222222222 0.025796875000000004 0.045861111111111116
0 0.5878281249999999 0.5076111111111111 0.3689296875 0.22868055555555555
0 0.2733671875 0.16080555555555556 0.010734375 0.020069444444444442
0 0.3648046875 0.17933333333333334 0.0248828125 0.03733333333333333
0 0.38005468750000004 0.134 0.042375 0.050666666666666665
0 0.3644921875 0.2914027777777778 0.0247578125 0.03745833333333333
0 0.7483906250000001 0.4029583333333333 0.0121875 0.02408333333333333
0 0.7578750000000001 0.4310972222222222 0.013218750000000001 0.014777777777777779
0 0.422734375 0.33647222222222223 0.0689921875 0.18618055555555557
0 0.094140625 0.47275 0.011671875 0.01623611111111111