1 0.415625 0.31180555555555556 0.83125 0.6236111111111111
0 0.48303124999999997 0.5723194444444444 0.05159375000000001 0.09075000000000001
0 0.4369296875 0.3707638888888889 0.024609375 0.029666666666666668
0 0.3274375 0.29809722222222224 0.0333671875 0.028180555555555556
0 0.325765625 0.3496388888888889 0.018351562499999998 0.020027777777777776
0 0.353921875 0.34741666666666665 0.00959375 0.015569444444444445
0 0.36893750000000003 0.35483333333333333 0.011265625 0.020027777777777776
0 0.4483984375 0.4960833333333333 0.0141796875 0.017791666666666667
0 0.45736718749999994 0.47829166666666667 0.00709375 0.01186111111111111
0 0.54471875 0.4970138888888889 0.052296875 0.03719444444444445
0 0.5372734375 0.45025 0.023453125 0.036069444444444446
0 0.547734375 0.3831805555555555 0.0202890625 0.03268055555555556
0 0.7344296875 0.5158888888888888 0.010140625 0.02309722222222222
0 0.71540625 0.4981388888888889 0.010140625 0.018027777777777778
0 0.65534375 0.5235000000000001 0.05990625000000001 0.09805555555555555
0 0.5925859375 0.5550555555555555 0.016796875 0.016902777777777777
0 0.6856171875 0.28879166666666667 0.045640625000000004 0.06255555555555556
0 0.41588281250000003 0.3463611111111111 0.007765625 0.012652777777777777
0 0.4577890625 0.2804861111111111 0.0093828125 0.017833333333333333
0 0.46766406250000003 0.48876388888888894 0.0051796875 0.010930555555555556
0 0.526078125 0.3452222222222222 0.0061484375 0.012652777777777777
0 0.3430625 0.35672222222222216 0.0064765625 0.010361111111111111
0 0.44224218750000005 0.32808333333333334 0.006140625 0.014097222222222223
0 0.39558593750000004 0.31416666666666665 0.005093749999999999 0.009055555555555555
0 0.3960546875 0.32795833333333335 0.0064843750000000006 0.010291666666666668
0 0.4021875 0.32137499999999997 0.0043984375 0.013583333333333333