1 0.5 0.28055555555555556 1 0.5611111111111111
0 0.0116484375 0.5004305555555556 0.0087734375 0.013125
0 0.08165625 0.5132222222222222 0.0088125 0.01586111111111111
0 0.1458984375 0.5270833333333333 0.061 0.05056944444444444
0 0.23127343749999998 0.5324583333333334 0.032695312500000004 0.04311111111111111
0 0.3001171875 0.5414444444444444 0.059601562500000003 0.03218055555555556
0 0.34192187500000004 0.5501111111111111 0.009664062499999999 0.016833333333333332
0 0.439734375 0.521875 0.06937499999999999 0.035347222222222224
0 0.5037812500000001 0.5220972222222222 0.01578125 0.016569444444444446
0 0.5619921875 0.504361111111111 0.08934375 0.05436111111111111
0 0.6188906249999999 0.5160416666666667 0.0233984375 0.03145833333333333
0 0.6461484375000001 0.5248055555555555 0.005187499999999999 0.019458333333333334
0 0.700015625 0.5523888888888889 0.032242187500000005 0.042958333333333334
0 0.8538593750000001 0.5399861111111112 0.030656250000000003 0.03038888888888889
0 0.8595 0.5164583333333334 0.013125000000000001 0.010291666666666668
0 0.9792500000000001 0.5398333333333334 0.007773437499999999 0.009125000000000001
0 0.0447109375 0.5072083333333334 0.013203125 0.015347222222222224
0 0.0182421875 0.47981944444444447 0.011640625 0.024069444444444442
0 0.360484375 0.5498333333333333 0.0047890625 0.0066388888888888895
0 0.39403125 0.5347638888888888 0.016671875 0.019972222222222225
0 0.929046875 0.5407777777777778 0.0053359375 0.0073194444444444435
0 0.0950078125 0.5135972222222223 0.007375 0.019930555555555556
0 0.9362421875000001 0.5394166666666667 0.0033125000000000003 0.010833333333333334
0 0.9127968750000001 0.5389583333333333 0.007593750000000001 0.011875