1 0.4850703125 0.4459027777777778 0.9683125 0.8918055555555556
0 0.0943984375 0.46948611111111105 0.1374609375 0.12445833333333334
0 0.0229765625 0.6046805555555556 0.045953125 0.07920833333333334
0 0.02815625 0.8294583333333334 0.0209609375 0.03831944444444445
0 0.3222109375 0.7321666666666666 0.09659375 0.07834722222222222
0 0.2473359375 0.7675277777777778 0.0177578125 0.03943055555555556
0 0.1241484375 0.7865277777777777 0.1173671875 0.10536111111111111
0 0.52640625 0.3587083333333333 0.0661015625 0.08743055555555555
0 0.6483203125 0.4497361111111111 0.11174999999999999 0.11011111111111112
0 0.6283671875 0.35070833333333334 0.0540859375 0.05376388888888889
0 0.036117187499999995 0.7766249999999999 0.0155546875 0.042888888888888886
0 0.2872734375 0.6377083333333333 0.01046875 0.027694444444444445