1 0.5 0.23125 1 0.4625
0 0.264484375 0.599125 0.02046875 0.03277777777777778
0 0.2931328125 0.5288333333333333 0.020398437499999998 0.037125
0 0.510328125 0.27831944444444445 0.1808203125 0.3897777777777778
0 0.6733984375000001 0.45406944444444447 0.041515625 0.06409722222222222
0 0.2914921875 0.5927638888888889 0.052515624999999996 0.060444444444444446
0 0.34071093750000003 0.588625 0.0276796875 0.042263888888888886
0 0.4801875 0.6220277777777778 0.021921875 0.035333333333333335
0 0.39684375 0.6084444444444445 0.059140625 0.10433333333333333
0 0.7143828125 0.4000694444444445 0.0256640625 0.11951388888888889
0 0.6630625 0.39825 0.011289062499999999 0.026458333333333334