1 0.5 0.4409722222222222 1 0.8819444444444444
0 0.2892734375 0.19270833333333334 0.1798828125 0.2182638888888889
0 0.36296093749999997 0.050513888888888886 0.024617187500000002 0.06279166666666666
0 0.4761171875 0.2629722222222222 0.054828125000000005 0.08766666666666666
0 0.7489296875 0.18361111111111109 0.0193671875 0.034152777777777775
0 0.718890625 0.2110138888888889 0.014953125000000001 0.028180555555555556
0 0.6603203125 0.16393055555555555 0.0241484375 0.03708333333333333
0 0.5353828125 0.35712499999999997 0.0331484375 0.022027777777777778
0 0.5434765625 0.3264444444444444 0.0343046875 0.03134722222222222
0 0.6238203125 0.36904166666666666 0.118015625 0.10033333333333333
0 0.7731874999999999 0.5419444444444445 0.046656249999999996 0.05952777777777778
0 0.9868828125 0.713013888888889 0.026242187500000003 0.043875
0 0.9838281249999999 0.7670555555555555 0.0200546875 0.03725
0 0.9471953125000001 0.7562638888888888 0.021976562499999998 0.04936111111111111
0 0.8950703125 0.653375 0.026968750000000003 0.04936111111111111
0 0.8278203124999999 0.6458333333333334 0.133 0.1398611111111111
0 0.9329296875 0.6830555555555555 0.017859375 0.022986111111111113
0 0.7691328125 0.17705555555555555 0.02340625 0.052263888888888894
0 0.435359375 0.23179166666666665 0.0198515625 0.027263888888888886
0 0.6007890625 0.30933333333333335 0.009984375 0.015208333333333332
0 0.5779687499999999 0.24023611111111112 0.0085546875 0.01648611111111111
0 0.9204375 0.7831527777777778 0.01390625 0.01965277777777778