1 0.5 0.45047222222222216 0.9999921875 0.9009444444444443
0 0.13382031249999998 0.49744444444444447 0.1144765625 0.09874999999999999
0 0.039382812499999996 0.6104305555555556 0.0619765625 0.06445833333333333
0 0.35417187499999997 0.728625 0.055695312500000003 0.058694444444444445
0 0.2565390625 0.7070555555555555 0.0411015625 0.15941666666666668
0 0.12175 0.7862916666666666 0.155671875 0.12147222222222222
0 0.684734375 0.4774583333333333 0.0858046875 0.05745833333333333
0 0.6447812500000001 0.35491666666666666 0.020109375 0.030055555555555558
0 0.5516640625 0.35593055555555553 0.0574453125 0.08573611111111111
0 0.558828125 0.5808055555555556 0.007640625 0.008930555555555554
0 0.5097109375 0.5400277777777778 0.0062265624999999995 0.009805555555555555
0 0.5229375 0.5405 0.0062656249999999995 0.01811111111111111
0 0.496890625 0.566625 0.0064609375 0.011152777777777777
0 0.02496875 0.4678333333333333 0.01040625 0.01184722222222222
0 0.6692265625 0.35856944444444444 0.011671875 0.01929166666666667