1 0.5 0.32395833333333335 1 0.6479166666666667
0 0.823203125 0.5189861111111111 0.0370859375 0.056819444444444436
0 0.6704921875000001 0.5149722222222222 0.064375 0.07736111111111112
0 0.718890625 0.5203888888888889 0.014695312499999998 0.034472222222222224
0 0.60203125 0.5476805555555555 0.004671875000000001 0.008611111111111111
0 0.51190625 0.5552916666666666 0.0089140625 0.006611111111111111
0 0.442578125 0.5590277777777778 0.030679687500000004 0.04170833333333333
0 0.291984375 0.5866388888888889 0.08984375 0.08163888888888889
0 0.1086171875 0.5964583333333333 0.068234375 0.055374999999999994
0 0.21496093749999998 0.6194583333333333 0.0406875 0.02323611111111111
0 0.16602343749999998 0.6130555555555556 0.024281249999999997 0.017194444444444446
0 0.7659609374999999 0.5416388888888889 0.0230390625 0.017486111111111112