1 0.5 0.22708333333333333 1 0.45416666666666666
0 0.2965703125 0.6202916666666667 0.010007812500000001 0.014083333333333335
0 0.3151328125 0.6032361111111111 0.024609375 0.03040277777777778
0 0.36560156250000003 0.6028749999999999 0.06465625 0.05190277777777778
0 0.43442968750000005 0.5657916666666667 0.0237734375 0.034111111111111106
0 0.47259375 0.569875 0.029195312499999997 0.066
0 0.5497578125 0.6306805555555555 0.1034453125 0.07341666666666667
0 0.660921875 0.13606944444444444 0.042960937500000004 0.07044444444444445
0 0.6419374999999999 0.30143055555555553 0.0759140625 0.08083333333333334
0 0.6871953125 0.4204583333333334 0.10052343749999999 0.11270833333333334
0 0.8653046874999999 0.3577916666666667 0.027945312500000003 0.058583333333333334
0 0.86071875 0.43045833333333333 0.0129296875 0.020027777777777776
0 0.8125390625 0.4534444444444445 0.040875 0.05265277777777777
0 0.7966875 0.3811527777777778 0.025859375 0.059319444444444445
0 0.84528125 0.4734722222222222 0.013765625 0.020027777777777776
0 0.616078125 0.6362361111111111 0.010007812500000001 0.01186111111111111
0 0.42232812500000005 0.5239027777777777 0.0087578125 0.021500000000000002