1 0.5 0.3090277777777778 1 0.6180555555555556
0 0.130703125 0.6014722222222222 0.11299999999999999 0.04555555555555555
0 0.20445312499999999 0.6170416666666666 0.0168515625 0.026972222222222224
0 0.28219531249999996 0.5954722222222222 0.1096484375 0.06666666666666667
0 0.44164843749999994 0.5473055555555556 0.0353359375 0.06338888888888888
0 0.5216484375 0.545875 0.0215390625 0.025763888888888888
0 0.6081484374999999 0.5415416666666667 0.0186953125 0.020958333333333332
0 0.6725 0.5214305555555556 0.052023437500000005 0.06213888888888889
0 0.7310390625000001 0.526888888888889 0.0064765625 0.011375
0 0.742859375 0.5012361111111111 0.012359375 0.082125
0 0.7599375 0.53825 0.006390625 0.011875
0 0.814765625 0.5307222222222222 0.0148984375 0.03868055555555556
0 0.8336640624999999 0.5367916666666667 0.0083359375 0.014722222222222222
0 0.8565625000000001 0.5415416666666667 0.013632812499999999 0.016625
0 0.88065625 0.5108194444444445 0.010843750000000001 0.07936111111111112
0 0.9341328125 0.5505277777777777 0.0103828125 0.017013888888888887