1 0.5 0.35859722222222223 1 0.7171944444444445
0 0.0338046875 0.4390833333333333 0.022203125 0.017513888888888888
0 0.08542187500000001 0.4765 0.0241875 0.022097222222222223
0 0.1925859375 0.5034861111111111 0.026414062500000002 0.03665277777777778
0 0.21587499999999998 0.5261944444444444 0.012265624999999999 0.02551388888888889
0 0.22523437500000001 0.5621805555555556 0.014593749999999999 0.022069444444444444
0 0.24632031250000003 0.6240277777777778 0.035546875 0.06348611111111112
0 0.272640625 0.3884861111111111 0.0241171875 0.05173611111111111
0 0.293421875 0.6095833333333333 0.007929687500000001 0.01959722222222222
0 0.40318750000000003 0.6142916666666667 0.0127890625 0.02661111111111111
0 0.46713281249999994 0.556875 0.0287578125 0.034708333333333334
0 0.7656484375 0.5966944444444444 0.017875 0.03198611111111111