1 0.5 0.4553888888888889 1 0.9107777777777778
0 0.033609375000000004 0.8541666666666666 0.0672109375 0.10008333333333333
0 0.18160156249999998 0.8265833333333333 0.13246093750000001 0.10391666666666666
0 0.123 0.6683472222222222 0.0532890625 0.0663611111111111
0 0.20220312499999998 0.582125 0.07325000000000001 0.06820833333333333
0 0.3735859375 0.7657083333333332 0.06704687499999999 0.05633333333333334
0 0.5670546875 0.606111111111111 0.0139375 0.03156944444444444
0 0.678703125 0.4752083333333333 0.0135859375 0.022486111111111113
0 0.6227031249999999 0.44593055555555555 0.021976562499999998 0.03130555555555555
0 0.5345234375000001 0.4597916666666667 0.05778124999999999 0.056013888888888884
0 0.47925000000000006 0.4527083333333333 0.0223671875 0.026069444444444444
0 0.4473671875 0.42808333333333337 0.035234375 0.06379166666666666
0 0.291984375 0.7617916666666666 0.01575 0.02701388888888889
0 0.49874999999999997 0.6218333333333333 0.007124999999999999 0.010722222222222222
0 0.6506406250000001 0.5512916666666666 0.010312499999999999 0.013972222222222223
0 0.5580859375 0.6681527777777778 0.0201953125 0.015236111111111112
0 0.141484375 0.7630138888888889 0.009375 0.014180555555555557
0 0.09184375 0.7691527777777777 0.015320312499999999 0.012194444444444444
0 0.0641953125 0.6198333333333333 0.0096328125 0.013180555555555556
0 0.0733828125 0.702875 0.03790625 0.06936111111111111