1 0.5 0.28680555555555554 1 0.5736111111111111
0 0.011015625 0.5016388888888889 0.0083203125 0.015125000000000001
0 0.079625 0.5167222222222223 0.0041640625 0.005916666666666666
0 0.14849218749999998 0.5316944444444445 0.060046875 0.042972222222222224
0 0.2292734375 0.5317916666666667 0.029015625 0.034069444444444444
0 0.246015625 0.54975 0.0055625 0.00961111111111111
0 0.2984921875 0.5349027777777777 0.063265625 0.04818055555555555
0 0.3500625 0.5505833333333333 0.025242187500000002 0.014333333333333333
0 0.4070078125 0.5240833333333333 0.0356328125 0.03179166666666667
0 0.44155468750000004 0.5292916666666666 0.018 0.01659722222222222
0 0.487421875 0.5238194444444444 0.014203125 0.016680555555555556
0 0.5712421875 0.5007222222222222 0.10992187499999999 0.06118055555555555
0 0.5663125 0.5210694444444445 0.007914062500000001 0.012569444444444446
0 0.641515625 0.5309722222222223 0.00796875 0.012416666666666666
0 0.697546875 0.5461805555555556 0.026203125 0.049374999999999995
0 0.8471171875 0.5364166666666667 0.014640624999999999 0.01940277777777778
0 0.86146875 0.5160972222222222 0.010187499999999999 0.010291666666666668
0 0.9785 0.5405 0.007773437499999999 0.008055555555555555
0 0.04421875 0.5054861111111111 0.011882812500000001 0.012208333333333331
0 0.46394531250000004 0.5270694444444445 0.0170703125 0.014083333333333335