1 0.5 0.2770972222222222 1 0.5539861111111111
0 0.0188515625 0.4831111111111111 0.023765625000000002 0.05548611111111112
0 0.081203125 0.5069305555555556 0.0102890625 0.029263888888888888
0 0.14066406250000002 0.5305833333333333 0.0445546875 0.033388888888888885
0 0.3088203125 0.5428333333333333 0.07390624999999999 0.03347222222222222
0 0.468078125 0.5140972222222222 0.1274453125 0.051527777777777777
0 0.57278125 0.4912916666666667 0.074671875 0.08109722222222222
0 0.7030859375 0.5480138888888889 0.03228125 0.05188888888888889
0 0.8694843750000001 0.5444166666666667 0.0157890625 0.022777777777777775
0 0.979265625 0.5384722222222222 0.008796875 0.011375
0 0.0462109375 0.5025833333333334 0.01853125 0.026569444444444444
0 0.3546796875 0.547611111111111 0.0100546875 0.016847222222222222
0 0.2314765625 0.5342638888888889 0.039 0.038125
0 0.849171875 0.5401805555555556 0.0221640625 0.022833333333333334
0 0.097296875 0.5159444444444444 0.013578125 0.015430555555555555
0 0.90903125 0.5404861111111111 0.0089140625 0.009347222222222222
0 0.6408750000000001 0.5243055555555556 0.051890625 0.029347222222222222
0 0.3706640625 0.5360416666666666 0.0139296875 0.028874999999999998
0 0.390265625 0.5378611111111111 0.0069765625 0.014527777777777778
0 0.956890625 0.5313194444444445 0.010687499999999999 0.01852777777777778
0 0.8595 0.5159027777777777 0.00665625 0.011055555555555556