1 0.5 0.1872361111111111 1 0.37448611111111113
0 0.8976953125 0.35129166666666667 0.082125 0.07238888888888889
0 0.6391171875 0.35783333333333334 0.0238828125 0.04093055555555555
0 0.6252187499999999 0.3489305555555555 0.008749999999999999 0.009930555555555555
0 0.3942421875 0.3048888888888889 0.0046875 0.00911111111111111
0 0.3493515625 0.3130555555555556 0.0072499999999999995 0.017013888888888887
0 0.33116406249999997 0.3237638888888889 0.0111015625 0.017694444444444443
0 0.279859375 0.34041666666666665 0.0070390625 0.010166666666666668
0 0.200484375 0.345875 0.0077421875 0.013291666666666667
0 0.172046875 0.353625 0.0191875 0.011347222222222222
0 0.4329921875 0.3031388888888889 0.0062812499999999995 0.008375