1 0.300390625 0.3854166666666667 0.60078125 0.7708333333333334
0 0.12521875 0.7099583333333334 0.2504296875 0.3632916666666667
0 0.219046875 0.08311111111111112 0.0881484375 0.13297222222222221
0 0.3830390625 0.5465 0.017125 0.05581944444444444
0 0.40318750000000003 0.686625 0.0973828125 0.10266666666666667
0 0.5171796875 0.641 0.0501328125 0.09126388888888888
0 0.46865625 0.6691666666666667 0.0124296875 0.024958333333333332
0 0.47426562499999997 0.6317361111111112 0.013234375000000001 0.03280555555555556
0 0.44879687500000004 0.6235277777777778 0.0160390625 0.01640277777777778
0 0.49853125 0.5240694444444445 0.0248671875 0.03565277777777778
0 0.539640625 0.5115972222222223 0.0188515625 0.033513888888888885