1 0.5 0.23923611111111112 1 0.47847222222222224
0 0.039468750000000004 0.42041666666666666 0.0789296875 0.06241666666666666
0 0.1219453125 0.4332361111111111 0.03265625 0.018027777777777778
0 0.1950390625 0.39736111111111116 0.033218750000000005 0.02808333333333333
0 0.4962109375 0.4555416666666667 0.054890625000000005 0.06720833333333333
0 0.7556953125 0.43801388888888887 0.0645625 0.11270833333333334
0 0.8854453124999999 0.4581944444444444 0.0121953125 0.01801388888888889
0 0.9071953125000001 0.46379166666666666 0.011960937500000001 0.010611111111111111
0 0.0902734375 0.43520833333333336 0.0132890625 0.021638888888888888
0 0.824578125 0.4699305555555556 0.0055 0.007847222222222222
0 0.8545234374999999 0.4517916666666667 0.024828125 0.03690277777777778
0 0.226921875 0.3865833333333333 0.0215703125 0.021638888888888888
0 0.3598125 0.4097361111111111 0.0270859375 0.06308333333333334
0 0.1499765625 0.41905555555555557 0.014812500000000001 0.018152777777777778