1 0.429296875 0.3416666666666667 0.85859375 0.6833333333333333
0 0.230265625 0.2689861111111111 0.06346874999999999 0.051083333333333335
0 0.2390546875 0.34291666666666665 0.0183984375 0.021583333333333333
0 0.273796875 0.341625 0.010015625 0.016458333333333332
0 0.291734375 0.3500416666666667 0.012687499999999999 0.018027777777777778
0 0.38000781250000004 0.37298611111111113 0.0254765625 0.023083333333333334
0 0.35365625 0.3375277777777778 0.00834375 0.012930555555555556
0 0.404515625 0.257375 0.0130859375 0.01916666666666667
0 0.39434375 0.5292222222222223 0.0165625 0.01975
0 0.444140625 0.6281666666666667 0.047867187500000005 0.07134722222222221
0 0.3875 0.31647222222222227 0.0091015625 0.018555555555555554
0 0.517625 0.5313472222222222 0.062281249999999996 0.052458333333333336
0 0.5213046875 0.3870277777777778 0.0166875 0.027125000000000003
0 0.5062656249999999 0.42141666666666666 0.010328125 0.017944444444444443
0 0.5075078125 0.4685694444444444 0.025007812499999997 0.03641666666666667
0 0.579015625 0.6058194444444445 0.0163515625 0.02408333333333333
0 0.6525546875 0.5579722222222222 0.085109375 0.10719444444444445
0 0.8147421874999999 0.5275694444444444 0.017695312499999998 0.03288888888888889
0 0.800921875 0.4806805555555555 0.00809375 0.012041666666666666
0 0.6875390625 0.2655 0.0386171875 0.05611111111111111
0 0.3293984375 0.31604166666666667 0.0074609375000000006 0.013
0 0.360375 0.30084722222222227 0.005859375 0.012041666666666666
0 0.168765625 0.270375 0.0064296875000000005 0.008708333333333334
0 0.40396093750000006 0.5069722222222222 0.0045703125 0.009472222222222222
0 0.41861718750000004 0.5167777777777778 0.00646875 0.010833333333333334
0 0.1774453125 0.2611527777777778 0.0062578124999999995 0.008430555555555556
0 0.2938515625 0.2672361111111111 0.014476562500000002 0.011875
0 0.41378125 0.3755277777777778 0.0048984375 0.00911111111111111
0 0.454203125 0.3875972222222222 0.0046796875 0.006333333333333333
0 0.462328125 0.3491944444444444 0.0040078125 0.008708333333333334
0 0.3190234375 0.26605555555555555 0.0158125 0.01425
0 0.33371875 0.26269444444444445 0.0073515625000000005 0.00911111111111111
0 0.33628125 0.30643055555555554 0.0053437499999999995 0.013458333333333333