1 0.5 0.1909722222222222 1 0.3819444444444444
0 0.3142890625 0.4754583333333333 0.0137890625 0.02706944444444444
0 0.3450390625 0.4696666666666667 0.0361953125 0.042694444444444445
0 0.3975078125 0.5378472222222223 0.016242187499999998 0.035305555555555555
0 0.4039765625 0.3973888888888889 0.017765625 0.026541666666666665
0 0.46107812499999995 0.44286111111111115 0.035078125 0.05997222222222222
0 0.4861171875 0.4970833333333333 0.0320859375 0.04759722222222223
0 0.5361171875 0.4996111111111112 0.064453125 0.05994444444444444
0 0.6324375 0.5700833333333333 0.10308593749999999 0.077375
0 0.8165703125 0.24791666666666667 0.0202421875 0.024444444444444446
0 0.7557421875 0.34844444444444445 0.011164062499999999 0.01636111111111111
0 0.652875 0.31743055555555555 0.0954765625 0.09052777777777779
0 0.6207265625 0.19247222222222224 0.0174375 0.028597222222222222
0 0.4041796875 0.4913194444444444 0.0126015625 0.02436111111111111
0 0.745484375 0.5505277777777777 0.0854609375 0.09583333333333334
0 0.29496875 0.4819166666666667 0.014945312499999999 0.0125
0 0.397390625 0.44909722222222226 0.0099609375 0.017708333333333333
0 0.6415078125 0.18637499999999999 0.008203125 0.01615277777777778
0 0.6614375 0.2599722222222222 0.01171875 0.017708333333333333
0 0.5873671875 0.1862361111111111 0.0103828125 0.017805555555555557