1 0.5 0.3645833333333333 1 0.7291666666666666
0 0.34915625 0.444 0.0413671875 0.034027777777777775
0 0.407734375 0.35283333333333333 0.0394140625 0.050041666666666665
0 0.42884374999999997 0.44501388888888893 0.017828125 0.02752777777777778
0 0.5445078125 0.4792083333333333 0.19565625 0.24106944444444445
0 0.6289765625 0.511625 0.024390625 0.036333333333333336
0 0.5902421875 0.487 0.020765625 0.042194444444444444
0 0.6555156249999999 0.5470833333333333 0.012859375000000001 0.022861111111111113
0 0.6888124999999999 0.46649999999999997 0.08933593749999999 0.08673611111111111
0 0.657328125 0.3278888888888889 0.012523437500000002 0.019333333333333334
0 0.6614453124999999 0.6015833333333334 0.013515625 0.025194444444444446
0 0.839046875 0.5960138888888888 0.32190625 0.242625