0 0.19237500000000002 0.37819444444444444 0.085203125 0.07306944444444444
0 0.0977421875 0.3250416666666667 0.04771875 0.022319444444444444
0 0.024109375 0.35797222222222225 0.0482109375 0.07227777777777777
0 0.0420390625 0.7817638888888889 0.0162578125 0.019680555555555555
0 0.0167421875 0.7614166666666667 0.010312499999999999 0.019152777777777776
0 0.00478125 0.7895000000000001 0.0095703125 0.009375
0 0.0051484375 0.5100694444444445 0.010296875 0.016625
0 0.058710937500000004 0.29088888888888886 0.0234609375 0.027055555555555555
0 0.6122578125 0.7981388888888888 0.0570078125 0.04623611111111111
0 0.3759296875 0.5431527777777778 0.08024218749999999 0.04840277777777778
0 0.435453125 0.42550000000000004 0.0151328125 0.043652777777777776
0 0.5222187500000001 0.5254861111111111 0.0538359375 0.052875
0 0.0926328125 0.7822361111111111 0.0298359375 0.07147222222222223
0 0.6797734375 0.5135277777777778 0.013703125 0.02638888888888889
0 0.7442968750000001 0.5162361111111111 0.055734375 0.058402777777777776
0 0.7707499999999999 0.39961111111111114 0.0439921875 0.06665277777777778
0 0.9676875 0.6262777777777778 0.0646328125 0.05484722222222223
0 0.552296875 0.4569166666666667 0.067125 0.056916666666666664
0 0.449890625 0.5616111111111112 0.0141328125 0.01661111111111111
0 0.43478125 0.5397916666666667 0.013468749999999998 0.010333333333333333
0 0.36271875 0.712125 0.0297890625 0.04909722222222222
0 0.395953125 0.7234722222222222 0.0062890625 0.012111111111111112
0 0.38591406250000004 0.7438194444444444 0.0056875 0.011013888888888889
0 0.191453125 0.7492500000000001 0.007000000000000001 0.010486111111111111
0 0.16014062499999998 0.678861111111111 0.0104453125 0.01775
0 0.25059375 0.80325 0.008984375 0.009597222222222222
0 0.27575 0.7110833333333334 0.007671875 0.012472222222222223
0 0.295640625 0.7553611111111111 0.0130390625 0.02272222222222222
0 0.3080234375 0.7775 0.011734375 0.021083333333333332
0 0.199984375 0.7948749999999999 0.004796875 0.010819444444444444
0 0.2120625 0.7904722222222222 0.013125000000000001 0.01951388888888889
0 0.251734375 0.7175694444444444 0.0050625 0.010750000000000001
0 0.3178671875 0.6925555555555556 0.005187499999999999 0.010888888888888889
0 0.20153125 0.8157222222222222 0.005828125 0.010083333333333333
0 0.20528125 0.6659583333333333 0.015390625 0.019055555555555555