1 0.5 0.5 1 1
0 0.1283515625 0.4607361111111111 0.03328125 0.07313888888888888
0 0.1975625 0.5011388888888889 0.017585937500000003 0.027805555555555556
0 0.2742734375 0.5067361111111112 0.0267890625 0.08586111111111111
0 0.40393749999999995 0.5580833333333334 0.014945312499999999 0.036069444444444446
0 0.4471015625 0.5865277777777778 0.018609375 0.021694444444444443
0 0.4923671875 0.5141388888888889 0.027734375 0.07843055555555556
0 0.594078125 0.46418055555555554 0.017703125 0.036875
0 0.7059609375 0.16227777777777777 0.012890625 0.025027777777777777
0 0.7319296875 0.19706944444444444 0.05034375 0.05438888888888888
0 0.6913671875 0.2873055555555556 0.06979687500000001 0.15044444444444444