1 0.5 0.4290555555555556 1 0.858125
0 0.44810937500000003 0.9757222222222222 0.025210937500000002 0.04855555555555556
0 0.5930156249999999 0.8685555555555555 0.038265625 0.055763888888888884
0 0.4443671875 0.3411111111111111 0.049 0.050472222222222224
0 0.9061562500000001 0.36333333333333334 0.024375 0.03680555555555556
0 0.9740078125 0.31018055555555557 0.0413203125 0.035194444444444445
0 0.116796875 0.7522361111111111 0.047625 0.037861111111111116
0 0.4130625 0.6705416666666667 0.0571640625 0.21444444444444447
0 0.3193828125 0.8334861111111111 0.055171875 0.029291666666666667
0 0.261375 0.818236111111111 0.0361015625 0.028180555555555556
0 0.2239296875 0.7918333333333334 0.0363125 0.05102777777777778
0 0.0161015625 0.4925555555555555 0.0087421875 0.013958333333333335
0 0.056874999999999995 0.6129305555555555 0.0968359375 0.1093611111111111
0 0.0354375 0.6891527777777777 0.0090546875 0.017611111111111112
0 0.10983593750000001 0.7075416666666666 0.0081640625 0.015250000000000001
0 0.196875 0.61575 0.0070078125 0.017972222222222223
0 0.211140625 0.6116805555555556 0.0091171875 0.01922222222222222
0 0.24507812499999998 0.75425 0.0338515625 0.035097222222222224
0 0.2563984375 0.6785 0.029187499999999998 0.05268055555555556
0 0.8230703125 0.40662499999999996 0.0821171875 0.08145833333333333
0 0.773765625 0.42680555555555555 0.015046875000000001 0.017361111111111112
0 0.7639609375 0.4486111111111111 0.008054687500000001 0.014097222222222223
0 0.7413984375 0.470625 0.0128203125 0.015305555555555555
0 0.073484375 0.3939583333333333 0.021492187500000003 0.017027777777777777
0 0.13621875 0.48968055555555556 0.01503125 0.029444444444444443
0 0.3901875 0.7988055555555555 0.051539062499999996 0.042611111111111113
0 0.43911718750000006 0.8450277777777777 0.0060390625 0.015611111111111112
0 0.44832031250000004 0.8453333333333333 0.0085234375 0.015347222222222224
0 0.5233515625 0.8784583333333333 0.01515625 0.017486111111111112
0 0.21379687500000003 0.7176250000000001 0.02253125 0.03759722222222222
0 0.1853125 0.6704444444444445 0.004179687499999999 0.011902777777777778
0 0.25973437499999996 0.6271388888888889 0.006578125 0.01627777777777778
0 0.284703125 0.6363611111111112 0.005796875 0.010333333333333333
0 0.3054375 0.6244999999999999 0.0275703125 0.04761111111111111
0 0.2330859375 0.3568472222222222 0.0103828125 0.017069444444444443
0 0.228546875 0.4684861111111111 0.0190625 0.04548611111111111