1 0.5 0.1877916666666667 1 0.37430555555555556
0 0.8936015625 0.35855555555555557 0.0753203125 0.058472222222222224
0 0.6399140625 0.3549027777777778 0.0228984375 0.04641666666666667
0 0.6216171875 0.3503888888888889 0.0058984375 0.007527777777777777
0 0.4305703125 0.2982916666666667 0.0117890625 0.020291666666666666
0 0.3561015625 0.30993055555555554 0.015671875 0.017416666666666667
0 0.328796875 0.3226111111111111 0.018328125 0.024
0 0.391296875 0.30366666666666664 0.0051484375 0.01148611111111111
0 0.1779296875 0.3458472222222222 0.017875 0.026972222222222224
0 0.20330468750000003 0.34325 0.011734375 0.021902777777777778
0 0.22732812500000002 0.3433611111111111 0.005234375 0.009791666666666667
0 0.27825781250000003 0.338625 0.0162578125 0.012527777777777777
0 0.13967968749999998 0.3560833333333333 0.0058671875 0.016625
0 0.41159375000000004 0.30006944444444444 0.004609375000000001 0.009166666666666667
0 0.416796875 0.300875 0.0034375000000000005 0.010125
0 0.42140625 0.3040833333333333 0.0032578125 0.008847222222222222