0 0.33803125 0.9383472222222222 0.0388671875 0.06669444444444445
0 0.2984765625 0.37280555555555556 0.030343750000000003 0.07225000000000001
0 0.1825 0.5000694444444445 0.0547421875 0.05552777777777777
0 0.3024921875 0.5062777777777777 0.08722656250000001 0.18854166666666666
0 0.48133593750000003 0.5498472222222222 0.13968750000000002 0.19366666666666665
0 0.7627109375 0.5446666666666667 0.0485546875 0.07090277777777777
0 0.7678125 0.6625972222222222 0.045265625 0.12411111111111112
0 0.695484375 0.6490138888888889 0.015320312499999999 0.022986111111111113
0 0.6728828124999999 0.6228194444444445 0.0231640625 0.021861111111111112
0 0.61190625 0.6978055555555556 0.025750000000000002 0.03243055555555556
0 0.9067734375000001 0.8965138888888889 0.0933203125 0.05944444444444444
0 0.799703125 0.8521805555555556 0.085765625 0.07161111111111111
1 0.5 0.5 1 1