1 0.459421875 0.28541666666666665 0.9188359374999999 0.5708333333333333
0 0.380453125 0.5235972222222223 0.015109375 0.02266666666666667
0 0.32378125 0.48155555555555557 0.0665078125 0.03772222222222222
0 0.38125 0.4655694444444444 0.02240625 0.042194444444444444
0 0.5182109374999999 0.5053055555555556 0.1380390625 0.11430555555555555
0 0.5222187500000001 0.39675000000000005 0.0230625 0.029916666666666664
0 0.4966796875 0.33184722222222224 0.0085 0.017180555555555553
0 0.583265625 0.4062916666666666 0.017453125 0.01938888888888889
0 0.7622421875 0.4427361111111111 0.0090390625 0.013305555555555555
0 0.7828125 0.436375 0.010906250000000001 0.0205
0 0.348734375 0.4285277777777778 0.018046875 0.03708333333333333
0 0.282953125 0.485875 0.006765625 0.010694444444444444
0 0.74815625 0.6424027777777778 0.008484374999999999 0.013708333333333333