1 0.46996874999999994 0.28541666666666665 0.9399296874999999 0.5708333333333333
0 0.384171875 0.5180972222222222 0.015109375 0.02266666666666667
0 0.32378125 0.48155555555555557 0.0665078125 0.03772222222222222
0 0.383109375 0.4650138888888889 0.02240625 0.042194444444444444
0 0.51796875 0.5053055555555556 0.137546875 0.11430555555555555
0 0.5222187500000001 0.39675000000000005 0.0230625 0.029916666666666664
0 0.4966796875 0.33184722222222224 0.0085 0.017180555555555553
0 0.583265625 0.4062916666666666 0.017453125 0.01938888888888889
0 0.7622421875 0.4427361111111111 0.0090390625 0.013305555555555555
0 0.7879375 0.4309027777777778 0.0170625 0.02727777777777778
0 0.34703125 0.4246805555555555 0.021453125 0.04479166666666667
0 0.74815625 0.6424027777777778 0.008484374999999999 0.013708333333333333
0 0.7384765625 0.6084583333333333 0.0055625 0.017138888888888888
0 0.4814453125 0.38138888888888894 0.014687500000000001 0.017847222222222223
0 0.49674218750000004 0.3100277777777778 0.007585937500000001 0.017847222222222223
0 0.5609921875 0.3668194444444445 0.0053828125 0.012180555555555556
0 0.8226171875 0.44336111111111115 0.00703125 0.010416666666666666
0 0.8467968750000001 0.45222222222222225 0.0085 0.009375