1 0.415234375 0.24197222222222223 0.83046875 0.48394444444444445
0 0.26461718749999996 0.5963194444444445 0.060273437500000006 0.08372222222222223
0 0.527421875 0.2934305555555556 0.13884375 0.35587500000000005
0 0.6709609375000001 0.46420833333333333 0.03584375 0.03377777777777778
0 0.33899218750000004 0.5802361111111111 0.0276796875 0.05441666666666667
0 0.479515625 0.6337777777777778 0.015562500000000002 0.018041666666666668
0 0.41515625 0.6363194444444444 0.088078125 0.06798611111111111
0 0.7152109375 0.4011388888888889 0.0254453125 0.11502777777777777
0 0.6508984375 0.3896527777777778 0.026960937499999997 0.058083333333333334
0 0.89421875 0.4792638888888889 0.013718749999999998 0.014499999999999999
0 0.30936718750000003 0.6068472222222222 0.014960937499999999 0.021125