1 0.46372656250000005 0.494375 0.4608359375 0.34670833333333334
0 0.5431874999999999 0.639 0.026671875 0.03802777777777778
0 0.6161484374999999 0.5259166666666667 0.01771875 0.03011111111111111
0 0.5278359375 0.5608888888888889 0.0171953125 0.012972222222222222
0 0.48080468749999994 0.5333333333333333 0.019539062500000003 0.018069444444444444
0 0.48328125 0.5527916666666667 0.0098984375 0.0125
0 0.4973515625 0.5546388888888889 0.0109453125 0.0125
0 0.5312187500000001 0.6052777777777778 0.0078046875 0.013194444444444444
0 0.56471875 0.5859861111111111 0.023796875000000002 0.059222222222222225
0 0.602796875 0.6195 0.0413125 0.03959722222222222
0 0.6394375 0.6122222222222222 0.019414062500000002 0.017597222222222222
0 0.657046875 0.6018888888888889 0.009328125 0.019972222222222225
0 0.5341640625 0.5277777777777778 0.0057109375 0.011166666666666665
0 0.5094218749999999 0.5279444444444444 0.0072343749999999995 0.0074444444444444445