1 0.5 0.2454861111111111 1 0.4909722222222222
0 0.039140625 0.4152638888888889 0.0782734375 0.0806111111111111
0 0.091578125 0.4416805555555555 0.012015625 0.016930555555555556
0 0.1249921875 0.43398611111111113 0.0296015625 0.026055555555555557
0 0.1863828125 0.39634722222222224 0.024617187500000002 0.013291666666666667
0 0.2189921875 0.397125 0.032382812500000004 0.034125
0 0.4948203125 0.45591666666666664 0.0478203125 0.07177777777777777
0 0.7548203124999999 0.4351388888888889 0.06444531249999999 0.11545833333333333
0 0.82578125 0.46663888888888894 0.006937500000000001 0.015041666666666667
0 0.8561328125 0.4577361111111111 0.021828125 0.028180555555555556
0 0.887890625 0.4552638888888889 0.012046875 0.016652777777777777
0 0.9113125 0.4634166666666667 0.005765625 0.00586111111111111