1 0.5 0.43511111111111106 1 0.8702361111111112
0 0.037593749999999995 0.81475 0.0679765625 0.08954166666666666
0 0.12986718749999998 0.8107777777777778 0.0278359375 0.028444444444444446
0 0.15353125 0.7964305555555555 0.009523437499999999 0.021152777777777777
0 0.1358359375 0.7725138888888889 0.018046875 0.03416666666666667
0 0.136546875 0.7374583333333333 0.0118046875 0.017569444444444447
0 0.11954687500000001 0.6466111111111111 0.0517578125 0.06195833333333333
0 0.07671875 0.6608194444444445 0.025710937499999996 0.021875
0 0.084875 0.6946388888888889 0.014320312499999998 0.035958333333333335
0 0.19578125 0.57525 0.06073437499999999 0.05508333333333333
0 0.2140078125 0.7834722222222222 0.041359375 0.07231944444444445
0 0.15047656250000002 0.838 0.0060390625 0.013611111111111112
0 0.1592734375 0.82325 0.0089609375 0.021902777777777778
0 0.1513203125 0.8243194444444444 0.006734374999999999 0.010583333333333333
0 0.2740703125 0.7355277777777778 0.0145078125 0.021486111111111112
0 0.3321953125 0.6930277777777778 0.0087265625 0.016680555555555556
0 0.3485 0.7391527777777779 0.06073437499999999 0.05204166666666667
0 0.5250703125 0.5969305555555556 0.010453125 0.027888888888888887
0 0.6004765625 0.5470555555555555 0.0137890625 0.018569444444444444
0 0.609953125 0.47272222222222227 0.0210625 0.036847222222222226
0 0.5685546875 0.4524166666666667 0.02784375 0.030819444444444448
0 0.49403125000000003 0.4645 0.051617187499999995 0.043763888888888894
0 0.42711718750000005 0.4406805555555556 0.0521484375 0.051444444444444445