1 0.5 0.45047222222222216 0.9999921875 0.9009444444444443
0 0.1342578125 0.4966666666666667 0.1144765625 0.09874999999999999
0 0.038070312499999995 0.6041944444444444 0.0733671875 0.07691666666666667
0 0.353734375 0.728625 0.055695312500000003 0.058694444444444445
0 0.25872656250000003 0.7164027777777777 0.045484375 0.13916666666666666
0 0.12228125000000001 0.7862916666666666 0.156734375 0.12147222222222222
0 0.6957578125 0.4853055555555556 0.07470312500000001 0.04625
0 0.6451796875 0.3579583333333334 0.031953125 0.042680555555555555
0 0.5465312499999999 0.3552222222222222 0.0692890625 0.08713888888888889
0 0.558828125 0.5808055555555556 0.007640625 0.008930555555555554
0 0.496890625 0.566625 0.0064609375 0.011152777777777777
0 0.02496875 0.4678333333333333 0.01040625 0.01184722222222222
0 0.6692265625 0.35856944444444444 0.011671875 0.01929166666666667
0 0.7223671875 0.4041527777777778 0.007117187499999999 0.02436111111111111