1 0.5 0.38175000000000003 1 0.7634861111111112
0 0.0184609375 0.5440416666666666 0.0155078125 0.034694444444444444
0 0.0793046875 0.4885833333333333 0.096859375 0.08054166666666666
0 0.1368671875 0.4876388888888889 0.016453125 0.05434722222222223
0 0.13466406250000001 0.6606388888888889 0.0088359375 0.023249999999999996
0 0.158640625 0.6249027777777778 0.0290078125 0.058638888888888886
0 0.17179687500000002 0.6939027777777778 0.01471875 0.024263888888888887
0 0.238515625 0.6726805555555555 0.0883203125 0.10718055555555556
0 0.3703515625 0.6779861111111111 0.009 0.013333333333333332
0 0.42359375000000005 0.7440416666666667 0.013046875 0.018708333333333334
0 0.38225 0.6747777777777777 0.0115703125 0.018375
0 0.5439375 0.6863611111111111 0.1194375 0.15259722222222222
0 0.5969921874999999 0.38219444444444445 0.014195312500000001 0.01563888888888889
0 0.6121796875000001 0.3843611111111111 0.009859375 0.017499999999999998
0 0.62528125 0.39061111111111113 0.011421875 0.012708333333333334
0 0.9089921875 0.5497916666666667 0.009109375 0.013555555555555555
0 0.933453125 0.5248055555555555 0.0072578124999999995 0.015333333333333332
0 0.9690468750000001 0.48575 0.0618984375 0.05873611111111111
0 0.3291953125 0.4946666666666667 0.0201328125 0.015402777777777777
0 0.3580078125 0.7372638888888889 0.0057421875 0.010041666666666667
0 0.3768515625 0.7487222222222223 0.0155078125 0.012583333333333334
0 0.38777343750000004 0.7555694444444444 0.00440625 0.01163888888888889
0 0.312734375 0.6506111111111111 0.0054296875000000005 0.01938888888888889
0 0.3299921875 0.6219583333333334 0.0062812499999999995 0.009833333333333333
0 0.3385390625 0.5937083333333334 0.0061875 0.013805555555555555
0 0.4535078125 0.6987361111111111 0.006296875 0.012347222222222223
0 0.42964843750000004 0.6920000000000001 0.006234375 0.014777777777777779
0 0.222390625 0.7573055555555556 0.0064609375 0.011805555555555555
0 0.232328125 0.7550138888888889 0.007109374999999999 0.008055555555555555
0 0.2429609375 0.7424027777777777 0.004 0.010333333333333333
0 0.292203125 0.7210972222222223 0.0063515625000000004 0.010222222222222223
0 0.3335859375 0.7323472222222221 0.007992187500000001 0.008569444444444444
0 0.3297734375 0.6588194444444445 0.0050625 0.010722222222222222
0 0.4181328125 0.6129583333333333 0.00478125 0.010708333333333334
0 0.7576562499999999 0.9710277777777777 0.0212734375 0.02847222222222222
0 0.685984375 0.9706250000000001 0.0128515625 0.018583333333333334