1 0.433203125 0.3388888888888889 0.86640625 0.6777777777777778
0 0.5389375000000001 0.6306944444444444 0.0164765625 0.021375
0 0.62890625 0.6825555555555556 0.009796875 0.022166666666666668
0 0.6095312500000001 0.6900833333333334 0.006234375 0.011083333333333334
0 0.700171875 0.6968055555555556 0.0347421875 0.03801388888888889
0 0.747609375 0.7195694444444445 0.032515625 0.040777777777777774
0 0.6211171875 0.6394027777777778 0.032960937499999995 0.04197222222222222
0 0.6538515625 0.6746388888888889 0.029843750000000002 0.05384722222222223
0 0.350328125 0.455 0.056523437499999996 0.11104166666666668
0 0.2897890625 0.446625 0.020585937500000002 0.01984722222222222
0 0.47838281250000003 0.5092777777777778 0.1730703125 0.14019444444444445
0 0.567015625 0.42616666666666664 0.0237265625 0.04094444444444444
0 0.3075625 0.41374999999999995 0.0208203125 0.01927777777777778