1 0.49399218749999996 0.25181944444444443 0.4299921875 0.5036388888888889
1 0.1619140625 0.16701388888888888 0.323828125 0.33402777777777776
0 0.2103203125 0.5015694444444444 0.0798359375 0.06938888888888889
0 0.262796875 0.4795555555555555 0.0072421874999999995 0.012208333333333331
0 0.045156249999999995 0.33841666666666664 0.09030468750000001 0.1111111111111111
0 0.3909765625 0.42518055555555556 0.005171875 0.009277777777777777
0 0.41039843749999994 0.3991666666666666 0.024484375 0.03434722222222222
0 0.4314296875 0.3584027777777778 0.012687499999999999 0.011416666666666667
0 0.45221875 0.34108333333333335 0.00721875 0.011208333333333334
0 0.4149375 0.3377777777777778 0.006929687499999999 0.010527777777777778
0 0.5135390625 0.27225 0.004210937499999999 0.0061666666666666675
0 0.31124999999999997 0.35045833333333337 0.12064062499999999 0.23265277777777776
0 0.2153671875 0.28329166666666666 0.0106796875 0.013097222222222222
0 0.14937499999999998 0.3358333333333334 0.0038984375 0.006930555555555556
0 0.6094296875 0.39479166666666665 0.0043828125 0.007236111111111111
1 0.25117968749999997 0.4436805555555555 0.056351562499999994 0.0787361111111111
0 0.3997734375 0.3595277777777778 0.0058359375 0.007819444444444445