1 0.5 0.4409722222222222 1 0.8819444444444444
0 0.2892734375 0.18829166666666666 0.1798828125 0.23830555555555558
0 0.36462500000000003 0.04938888888888889 0.029171875000000003 0.07161111111111111
0 0.47540625 0.2574444444444445 0.056257812500000004 0.08766666666666666
0 0.7481484375 0.18297222222222223 0.020859375 0.034152777777777775
0 0.7201484375 0.21126388888888892 0.013171875 0.02634722222222222
0 0.6603203125 0.16393055555555555 0.0241484375 0.03708333333333333
0 0.5368203125 0.3561666666666667 0.027445312500000003 0.025374999999999998
0 0.54478125 0.32543055555555556 0.0301875 0.028305555555555553
0 0.6238203125 0.36202777777777784 0.118015625 0.1249027777777778
0 0.7714765625 0.5401111111111111 0.046656249999999996 0.05952777777777778
0 0.9868828125 0.713013888888889 0.026242187500000003 0.043875
0 0.984171875 0.768888888888889 0.0200546875 0.03359722222222222
0 0.9450312500000001 0.7569027777777778 0.0212109375 0.04936111111111111
0 0.894890625 0.653375 0.026609375 0.04936111111111111
0 0.9143671875000001 0.7418194444444445 0.0154296875 0.028791666666666667
0 0.8304921875 0.6458333333333334 0.1276484375 0.1398611111111111
0 0.9949765625 0.834375 0.010046875 0.026055555555555557
0 0.9326874999999999 0.683875 0.018125 0.01851388888888889
0 0.7714531250000001 0.18909722222222222 0.0187734375 0.028180555555555556
0 0.577703125 0.24100000000000002 0.00834375 0.017791666666666667