1 0.5 0.5 1 1
0 0.420984375 0.9454444444444445 0.027445312500000003 0.05634722222222222
0 0.5622812500000001 0.8409861111111111 0.0314609375 0.03729166666666667
0 0.37777343750000003 0.6606388888888889 0.0716328125 0.2564027777777778
0 0.41716406250000004 0.8181527777777778 0.01796875 0.014472222222222221
0 0.29321875 0.7952083333333333 0.05271875 0.049277777777777775
0 0.2338515625 0.7940833333333334 0.0390234375 0.020652777777777777
0 0.19109375 0.7640416666666667 0.027726562500000003 0.049902777777777775
0 0.0870234375 0.7255694444444444 0.0468046875 0.035902777777777777
0 0.42658593749999996 0.32944444444444443 0.0642109375 0.04377777777777778
0 0.217125 0.7308888888888889 0.034390625 0.034805555555555555
0 0.2253984375 0.6571944444444444 0.026695312500000002 0.05738888888888889
0 0.0355234375 0.6092916666666667 0.0710390625 0.1277361111111111
0 0.7133359375 0.4507638888888889 0.018265625 0.021152777777777777
0 0.7756093749999999 0.3839722222222222 0.0875390625 0.07995833333333334
0 0.8262421874999999 0.38625000000000004 0.0073046874999999995 0.014347222222222223
0 0.8731953125 0.3443055555555556 0.0230859375 0.02466666666666667
0 0.9471953125000001 0.283125 0.038875 0.035916666666666666
0 0.1265546875 0.6420833333333333 0.0090703125 0.011541666666666667
0 0.15618749999999998 0.6485555555555556 0.003296875 0.011291666666666669
0 0.12156249999999999 0.5078611111111111 0.00978125 0.011111111111111112
0 0.1374296875 0.5142777777777777 0.0165546875 0.018597222222222223
0 0.181828125 0.588 0.008359374999999999 0.018250000000000002
0 0.23157031250000001 0.6059444444444444 0.0080078125 0.015333333333333332
0 0.2573828125 0.614 0.007726562500000001 0.00811111111111111
0 0.18453906250000002 0.6954722222222223 0.02290625 0.034138888888888885
0 0.19273437499999999 0.5719583333333333 0.0107890625 0.017347222222222222
0 0.1334765625 0.6290277777777777 0.009046875 0.010527777777777778
0 0.0824140625 0.6332083333333334 0.0074921875 0.014083333333333335
0 0.1233125 0.5753194444444445 0.004859375 0.011902777777777778
0 0.20482031250000002 0.3388333333333333 0.0120546875 0.015666666666666666
0 0.49532031249999997 0.8498749999999999 0.018546874999999997 0.014263888888888888