1 0.6153359375 0.23159722222222223 0.6167421875 0.46319444444444446
0 0.5166640625000001 0.26631944444444444 0.013171875 0.015611111111111112
0 0.5105078125 0.30897222222222226 0.045390625000000004 0.022347222222222223
0 0.5661015625 0.2759861111111111 0.058609375 0.07256944444444445
0 0.6015859375 0.3215277777777778 0.01225 0.018819444444444444
0 0.6101484375 0.41540277777777773 0.0369296875 0.034527777777777775
0 0.6332421874999999 0.43783333333333335 0.0075 0.018444444444444444
0 0.6609765624999999 0.31129166666666663 0.042421875 0.06902777777777779
0 0.6659140625 0.3757083333333333 0.0315625 0.05331944444444445
0 0.6792890625 0.41944444444444445 0.0410625 0.030083333333333333
0 0.641796875 0.44463888888888886 0.0060546875 0.011208333333333334
0 0.63990625 0.5028888888888888 0.0195 0.025097222222222222
0 0.7577109375 0.4609166666666667 0.019539062500000003 0.04752777777777777
0 0.37922656250000003 0.05620833333333333 0.007710937499999999 0.009597222222222222
0 0.6560546875 0.44976388888888885 0.0072265625 0.010291666666666668
0 0.64675 0.46954166666666663 0.0043437499999999995 0.007458333333333333
0 0.450296875 0.25222222222222224 0.0053984375000000005 0.008777777777777778
0 0.48082812500000005 0.2469027777777778 0.008390625 0.0077222222222222215
0 0.4441484375 0.25833333333333336 0.0055 0.007972222222222223
0 0.7823203125 0.24197222222222223 0.0053437499999999995 0.007388888888888889