1 0.396484375 0.3229166666666667 0.79296875 0.6458333333333334
0 0.7747265624999999 0.6780277777777778 0.0546328125 0.14122222222222222
0 0.8185 0.7527361111111112 0.019523437499999997 0.026319444444444444
0 0.6141484375 0.4083055555555556 0.0362421875 0.06080555555555556
0 0.5367734375000001 0.548125 0.1352890625 0.12884722222222222
0 0.43920312499999997 0.49248611111111107 0.059812500000000005 0.09630555555555556
0 0.435015625 0.407625 0.021734375 0.03676388888888889
0 0.3893203125 0.5038472222222222 0.0438359375 0.076125
0 0.3009453125 0.46399999999999997 0.02421875 0.025361111111111112
0 0.32875 0.4298888888888889 0.020273437499999998 0.01788888888888889
0 0.3410078125 0.4594861111111111 0.0497109375 0.049569444444444444
0 0.7245390625 0.7076666666666667 0.037296875 0.05633333333333334