1 0.5 0.38958333333333334 1 0.7791666666666667
0 0.196625 0.6537083333333333 0.1543671875 0.2597083333333333
0 0.0125859375 0.11 0.025171875 0.057972222222222224
0 0.08165625 0.4622361111111111 0.0074140625000000005 0.015680555555555555
0 0.0946640625 0.46797222222222223 0.0114921875 0.025194444444444446
0 0.1401640625 0.4355 0.0103828125 0.017805555555555557
0 0.07974218749999999 0.48375 0.009281250000000001 0.011791666666666667
0 0.2932265625 0.03186111111111111 0.0346328125 0.05523611111111112
0 0.2730625 0.1597361111111111 0.0099921875 0.01634722222222222
0 0.300359375 0.13095833333333334 0.0113828125 0.01186111111111111
0 0.3381953125 0.20026388888888888 0.0192734375 0.034569444444444444
0 0.3653515625 0.18333333333333332 0.02521875 0.03716666666666667
0 0.38140625 0.137125 0.040890625 0.048777777777777774
0 0.39831249999999996 0.08131944444444444 0.0470390625 0.06848611111111111
0 0.325734375 0.32558333333333334 0.041390625 0.08130555555555555
0 0.345125 0.261125 0.00940625 0.01998611111111111
0 0.36491406249999997 0.2944027777777778 0.024546875000000003 0.034694444444444444
0 0.312828125 0.4553888888888889 0.0400078125 0.034555555555555555
0 0.3798359375 0.4177361111111111 0.0144375 0.01925
0 0.3873984375 0.4816944444444444 0.019515625 0.027180555555555555
0 0.5861640625 0.5267222222222222 0.3717734375 0.3059861111111111
0 0.863109375 0.40208333333333335 0.021234375 0.07297222222222222
0 0.8413984375 0.48787499999999995 0.009281250000000001 0.041444444444444443
0 0.905875 0.4714722222222222 0.041171875000000004 0.02816666666666667
0 0.9596328125 0.4482083333333333 0.0547734375 0.07265277777777777
0 0.860546875 0.5033055555555556 0.0198515625 0.06433333333333334
0 0.10525 0.41691666666666666 0.00840625 0.012097222222222223
0 0.5261171874999999 0.3380833333333333 0.0219921875 0.03031944444444444
0 0.043679687499999995 0.08556944444444445 0.012859375000000001 0.026958333333333334
0 0.305328125 0.197625 0.020023437499999998 0.027430555555555555