1 0.4850703125 0.4459027777777778 0.9683125 0.8918055555555556
0 0.0943984375 0.46948611111111105 0.1374609375 0.12445833333333334
0 0.0229765625 0.6046805555555556 0.045953125 0.07920833333333334
0 0.035546875 0.8272638888888889 0.0357421875 0.033944444444444444
0 0.3222109375 0.7321666666666666 0.09659375 0.07834722222222222
0 0.2473359375 0.7675277777777778 0.0177578125 0.03943055555555556
0 0.1241484375 0.7865277777777777 0.1173671875 0.10536111111111111
0 0.52640625 0.3587083333333333 0.0661015625 0.08743055555555555
0 0.6483203125 0.4497361111111111 0.11174999999999999 0.11011111111111112
0 0.62984375 0.34808333333333336 0.051140624999999995 0.04552777777777778
0 0.036117187499999995 0.7766249999999999 0.0155546875 0.042888888888888886
0 0.2872734375 0.6377083333333333 0.01046875 0.027694444444444445
0 0.2250859375 0.7206666666666667 0.022101562499999998 0.06520833333333334