1 0.5 0.35623611111111114 1 0.7124583333333334
0 0.034625 0.4382083333333333 0.0219140625 0.014069444444444445
0 0.0869609375 0.48015277777777776 0.02859375 0.017402777777777777
0 0.244 0.6240833333333333 0.0396484375 0.06708333333333333
0 0.1918203125 0.5040833333333333 0.027859375 0.034305555555555554
0 0.2240234375 0.5642222222222222 0.012562499999999999 0.022027777777777778
0 0.366390625 0.5661388888888889 0.00996875 0.030194444444444444
0 0.402625 0.6123888888888889 0.0134453125 0.027638888888888886
0 0.46734375000000006 0.5560138888888889 0.03125 0.03861111111111111
0 0.265984375 0.3864861111111111 0.052203124999999996 0.060347222222222226
0 0.7646796874999999 0.5960694444444444 0.0222109375 0.032749999999999994
0 0.84121875 0.5696111111111111 0.07566406249999999 0.06319444444444444
0 0.769890625 0.5382083333333333 0.0157890625 0.014722222222222222