1 0.5 0.5 1 1
0 0.3436328125 0.9505138888888889 0.0264296875 0.036055555555555556
0 0.1831484375 0.4981388888888889 0.02715625 0.053750000000000006
0 0.296015625 0.5052777777777778 0.09178125000000001 0.16809722222222223
0 0.47913281249999995 0.5870555555555556 0.1324375 0.15225
0 0.7638671875 0.5404305555555555 0.051531249999999994 0.08519444444444445
0 0.8848437499999999 0.8910972222222223 0.0521953125 0.04052777777777778
0 0.7993046875 0.8431527777777779 0.0837109375 0.10143055555555555
0 0.898609375 0.6648055555555555 0.018 0.026791666666666665
0 0.9067421875000001 0.6917777777777777 0.0101796875 0.013972222222222223
0 0.6166640625 0.6985138888888889 0.02071875 0.03994444444444445
0 0.7786171875 0.7065138888888889 0.020624999999999998 0.042680555555555555
0 0.7791640625 0.7672222222222221 0.03646875 0.04643055555555556
0 0.2634921875 0.31731944444444443 0.0373125 0.12063888888888889