1 0.41099218750000005 0.31525 0.8219843750000001 0.6305
0 0.490703125 0.5772777777777778 0.0403828125 0.06404166666666666
0 0.44897656250000006 0.49868055555555557 0.011617187499999999 0.019333333333333334
0 0.435671875 0.3743194444444444 0.0214296875 0.021680555555555554
0 0.351796875 0.3489583333333333 0.012085937500000001 0.014069444444444445
0 0.366546875 0.3552638888888889 0.0109140625 0.01988888888888889
0 0.3245 0.34873611111111114 0.016593749999999997 0.015611111111111112
0 0.332546875 0.2997222222222222 0.0239140625 0.028624999999999998
0 0.5489375 0.3908055555555556 0.01859375 0.05291666666666667
0 0.5371484375 0.451 0.026742187499999997 0.031055555555555555
0 0.5455234375 0.49797222222222226 0.052054687499999995 0.042597222222222224
0 0.639671875 0.5227916666666667 0.10771875 0.10586111111111111
0 0.6836875 0.283875 0.028164062499999996 0.06063888888888888
0 0.45550781249999994 0.28184722222222225 0.015312500000000001 0.01926388888888889
0 0.415484375 0.3460972222222222 0.0051953125 0.010138888888888888
0 0.29667187500000003 0.29470833333333335 0.012125 0.015055555555555555
0 0.7168515625 0.49822222222222223 0.011765625 0.022819444444444444
0 0.7803125 0.4988888888888889 0.0230234375 0.03416666666666667
0 0.4555703125 0.4790277777777777 0.0059921875 0.010277777777777778
0 0.46728125 0.4877916666666666 0.0059921875 0.010652777777777778
0 0.3971796875 0.328125 0.007609375 0.010013888888888888
0 0.3925703125 0.2856944444444444 0.01109375 0.010138888888888888