1 0.47515625000000006 0.2902777777777778 0.9487500000000001 0.5805555555555556
0 0.32321093749999996 0.4826944444444445 0.063109375 0.03866666666666667
0 0.34675 0.42501388888888886 0.019609375000000002 0.036125000000000004
0 0.37990625 0.47191666666666665 0.019609375000000002 0.061486111111111116
0 0.419125 0.5441805555555556 0.0131953125 0.01838888888888889
0 0.4002265625 0.4950555555555555 0.0210390625 0.027888888888888887
0 0.4264375 0.4931527777777778 0.014265625 0.029152777777777774
0 0.469046875 0.5549583333333333 0.019609375000000002 0.01838888888888889
0 0.5313359375 0.49084722222222227 0.1078359375 0.14065277777777777
0 0.5784765625 0.40581944444444445 0.008125 0.014930555555555556
0 0.747125 0.6422916666666667 0.0110546875 0.017291666666666667
0 0.7631484375 0.4445277777777778 0.0080625 0.014875000000000001
0 0.7868984375 0.4294027777777778 0.017328125 0.027083333333333334