1 0.5984375 0.3590277777777778 0.803125 0.7180555555555556
0 0.46103125 0.4923194444444445 0.020398437499999998 0.08015277777777778
0 0.4784296875 0.4171944444444444 0.0209140625 0.03352777777777778
0 0.57965625 0.38779166666666665 0.0087421875 0.030166666666666665
0 0.593796875 0.35 0.021601562499999998 0.03809722222222222
0 0.6189921875 0.33216666666666667 0.012 0.035347222222222224
0 0.5043124999999999 0.2901111111111111 0.040453125 0.1481111111111111
0 0.40995312500000003 0.11945833333333335 0.011484375 0.017069444444444443
0 0.4179375 0.136375 0.005890625 0.007805555555555556
0 0.286171875 0.04480555555555555 0.0091328125 0.020874999999999998
0 0.2023671875 0.020027777777777776 0.007117187499999999 0.012236111111111113