1 0.5011796875 0.5041666666666667 0.4641484375 0.9916527777777778
0 0.5663125 0.49101388888888886 0.230109375 0.8337916666666667
0 0.3000546875 0.6289861111111111 0.0251640625 0.03398611111111111
0 0.3254296875 0.519 0.10117968749999999 0.025847222222222223
0 0.32975 0.4134722222222222 0.0136015625 0.01648611111111111
0 0.3503046875 0.4275277777777778 0.013367187499999999 0.017180555555555553
0 0.6986875 0.6989583333333333 0.011765625 0.015902777777777776
0 0.7293515625 0.6831666666666667 0.0070703125 0.01675
0 0.3121953125 0.7446666666666666 0.008453125 0.012222222222222223
0 0.2897265625 0.7256388888888889 0.0101640625 0.010458333333333333
0 0.434453125 0.7435138888888889 0.005546875 0.013611111111111112
0 0.43785937500000005 0.6718055555555555 0.010703124999999999 0.015347222222222224
0 0.3596796875 0.8647916666666666 0.0092890625 0.011805555555555555