0 0.07182031250000001 0.9047361111111111 0.024898437500000002 0.03395833333333333
0 0.0909921875 0.8598194444444445 0.0223984375 0.03840277777777778
0 0.1334921875 0.8904166666666667 0.018070312499999998 0.03872222222222222
0 0.1994765625 0.845736111111111 0.0243984375 0.04608333333333333
0 0.176875 0.866736111111111 0.012617187499999998 0.034819444444444445
0 0.1896484375 0.880625 0.0081953125 0.019555555555555555
0 0.2006015625 0.9028750000000001 0.015109375 0.017166666666666667
0 0.37289062500000003 0.798888888888889 0.10207031250000001 0.09472222222222222
0 0.41751562499999995 0.5963194444444445 0.0288125 0.04702777777777778
0 0.1543671875 0.5956250000000001 0.073640625 0.049958333333333334
0 0.185390625 0.5604305555555555 0.0192734375 0.02361111111111111
0 0.06836718750000001 0.7100416666666667 0.0345546875 0.03140277777777778
0 0.09409375 0.703875 0.012632812500000002 0.019791666666666666
0 0.463671875 0.40559722222222216 0.0097734375 0.03309722222222222
0 0.557125 0.4343888888888889 0.026070312499999998 0.05830555555555555
0 0.58834375 0.4306388888888889 0.029078125 0.04676388888888889
0 0.668828125 0.41108333333333336 0.0307109375 0.027055555555555555
0 0.698640625 0.41833333333333333 0.0109296875 0.029750000000000002
0 0.7236640624999999 0.43116666666666664 0.018953125 0.051569444444444446
0 0.9710390625 0.5278055555555555 0.0490078125 0.06486111111111112
0 0.26909375 0.804236111111111 0.0183984375 0.026625000000000003
0 0.29898437499999997 0.7879583333333334 0.00728125 0.02275
1 0.5 0.49116666666666664 1 0.9823333333333333