1 0.41322656249999995 0.31180555555555556 0.8264453125 0.6236111111111111
0 0.48659375000000005 0.5816527777777778 0.04221875 0.07208333333333333
0 0.4351484375 0.37266666666666665 0.020859375 0.02511111111111111
0 0.3296875 0.29909722222222224 0.0273671875 0.030180555555555558
0 0.325625 0.3496388888888889 0.016359375000000002 0.020027777777777776
0 0.3533515625 0.34741666666666665 0.00959375 0.015569444444444445
0 0.36779687499999997 0.35433333333333333 0.0106953125 0.020027777777777776
0 0.4483984375 0.4960833333333333 0.0141796875 0.017791666666666667
0 0.45736718749999994 0.47829166666666667 0.00709375 0.01186111111111111
0 0.5454609375 0.4970138888888889 0.052296875 0.03719444444444445
0 0.5372734375 0.44629166666666664 0.023453125 0.043986111111111115
0 0.54903125 0.38449999999999995 0.0191796875 0.030041666666666664
0 0.7307187500000001 0.5185277777777777 0.021265625 0.028375
0 0.718375 0.4968194444444444 0.010140625 0.018027777777777778
0 0.6575703125000001 0.5337222222222222 0.05990625000000001 0.08156944444444444
0 0.5932578125 0.5588472222222223 0.015328125000000001 0.016902777777777777
0 0.6813515625 0.28912499999999997 0.028210937499999998 0.057944444444444444
0 0.41588281250000003 0.3463611111111111 0.007765625 0.012652777777777777
0 0.4577890625 0.282 0.0093828125 0.017833333333333333
0 0.46766406250000003 0.48876388888888894 0.0051796875 0.010930555555555556
0 0.526078125 0.3452222222222222 0.0061484375 0.012652777777777777
0 0.44224218750000005 0.32808333333333334 0.006140625 0.014097222222222223
0 0.61615625 0.5465277777777777 0.0225625 0.06147222222222222
0 0.2986875 0.2958472222222222 0.0121875 0.014083333333333335
0 0.39428125 0.31501388888888887 0.0057421875 0.009152777777777777
0 0.395859375 0.32855555555555555 0.006140625 0.01161111111111111
0 0.40219531249999996 0.32169444444444445 0.0053437499999999995 0.014083333333333335