1 0.55059375 0.3264444444444444 0.5221250000000001 0.6320277777777777
0 0.36865625 0.5191944444444444 0.026328125 0.042180555555555554
0 0.4342578125 0.6034999999999999 0.0269296875 0.05216666666666667
0 0.49264062500000005 0.5123055555555556 0.024 0.025541666666666667
0 0.46627343750000005 0.6093472222222223 0.006742187500000001 0.010027777777777778
0 0.46889843750000004 0.5916944444444444 0.006390625 0.009083333333333334
0 0.5015 0.6017361111111111 0.023421875 0.03677777777777778
0 0.5427187499999999 0.5776249999999999 0.0495234375 0.03384722222222222
0 0.61409375 0.46619444444444447 0.0199140625 0.025027777777777777
0 0.6467109375 0.4585 0.0096796875 0.014972222222222222
0 0.669 0.501625 0.0089296875 0.010763888888888889
0 0.5849921874999999 0.4495972222222222 0.0226796875 0.03741666666666667
0 0.416296875 0.5067638888888889 0.006562500000000001 0.011041666666666667