1 0.4626953125 0.18819444444444444 0.925390625 0.3763888888888889
0 0.0087890625 0.3232916666666667 0.017585937500000003 0.0315
0 0.0234609375 0.34079166666666666 0.004953125 0.007222222222222223
0 0.055484374999999996 0.3356944444444444 0.0503828125 0.03255555555555556
0 0.11546875000000001 0.3087638888888889 0.03653125 0.041
0 0.203078125 0.32195833333333335 0.13096093749999999 0.042055555555555554
0 0.2735546875 0.33934722222222224 0.006992187499999999 0.008694444444444444
0 0.3060546875 0.3481666666666667 0.0265546875 0.01965277777777778
0 0.33313281250000004 0.35438888888888886 0.0163203125 0.025680555555555554
0 0.3705546875 0.36227777777777775 0.0532578125 0.028624999999999998
0 0.28296875 0.34108333333333335 0.0043749999999999995 0.008541666666666668