1 0.5 0.4295555555555555 1 0.859125
0 0.006515625 0.8288749999999999 0.013023437500000002 0.03336111111111111
0 0.0861640625 0.7783194444444445 0.028546875 0.03031944444444444
0 0.10589062499999999 0.7306805555555556 0.025343749999999998 0.05370833333333334
0 0.125296875 0.7955416666666666 0.007609375 0.015333333333333332
0 0.2072265625 0.7439305555555555 0.0528125 0.09009722222222223
0 0.17578906249999998 0.4649027777777778 0.08449999999999999 0.07591666666666666
0 0.2828671875 0.6852916666666667 0.019609375000000002 0.03873611111111111
0 0.3916484375 0.6714027777777778 0.0869921875 0.08626388888888889
0 0.38868749999999996 0.47304166666666664 0.0161875 0.021305555555555557
0 0.72971875 0.413625 0.0102109375 0.017833333333333333
0 0.5835 0.30456944444444445 0.0674453125 0.08319444444444445
0 0.4760703125 0.28891666666666665 0.01759375 0.03211111111111111
0 0.701546875 0.30318055555555556 0.08846875 0.07547222222222223
0 0.986953125 0.41806944444444444 0.026101562499999998 0.07034722222222221
0 0.06494531249999999 0.5463194444444445 0.0355 0.034472222222222224
0 0.09081249999999999 0.5900416666666667 0.0464609375 0.043041666666666666
0 0.0438125 0.6920000000000001 0.019390625 0.014513888888888889
0 0.033796875 0.6314305555555555 0.01996875 0.051152777777777776
0 0.020867187500000002 0.5836111111111111 0.032140625 0.03158333333333333
0 0.1456171875 0.7726388888888889 0.0091640625 0.013736111111111112