1 0.35234375 0.1909722222222222 0.7046875 0.3819444444444444
0 0.3295703125 0.18818055555555557 0.143578125 0.3763472222222223
0 0.1999375 0.3070833333333333 0.0293359375 0.03165277777777778
0 0.233890625 0.27925 0.026039062499999998 0.03223611111111111
0 0.17471874999999998 0.24819444444444444 0.032968750000000005 0.06622222222222222
0 0.0359296875 0.15852777777777777 0.0718671875 0.10841666666666668
0 0.129390625 0.21302777777777776 0.0319765625 0.020513888888888887
0 0.6494296875 0.5531805555555556 0.0321953125 0.044194444444444446
0 0.6999609375 0.43290277777777775 0.0378984375 0.11084722222222222
0 0.6614453124999999 0.4680416666666667 0.0081484375 0.020291666666666666
0 0.6388281250000001 0.44993055555555556 0.028937499999999998 0.044916666666666674
0 0.5948125 0.4256666666666667 0.0558359375 0.07027777777777779
0 0.5031171875 0.4060972222222222 0.0485 0.041291666666666664
0 0.7596640625 0.0963611111111111 0.0220078125 0.03622222222222222
0 0.7985859375000001 0.012680555555555556 0.0232265625 0.025361111111111112
1 0.7605390625 0.05455555555555556 0.1042734375 0.10911111111111112