1 0.5 0.42759722222222224 1 0.8551805555555556
0 0.0072968749999999995 0.8325138888888889 0.014593749999999999 0.029708333333333333
0 0.1826875 0.46929166666666666 0.06869531250000001 0.07355555555555555
0 0.0875078125 0.7819166666666667 0.028242187499999998 0.035930555555555556
0 0.10220312499999999 0.733375 0.01915625 0.03143055555555555
0 0.021078125 0.6089027777777778 0.042148437500000004 0.08777777777777779
0 0.078265625 0.5627916666666667 0.0718828125 0.08374999999999999
0 0.20765625000000001 0.7431805555555556 0.054609375 0.09231944444444444
0 0.2829609375 0.6800277777777778 0.020273437499999998 0.032375
0 0.399859375 0.6700138888888889 0.070890625 0.07966666666666666
0 0.49796874999999996 0.299 0.053093749999999995 0.03120833333333333
0 0.5872734375 0.30147222222222225 0.058765625 0.09140277777777778
0 0.68684375 0.28777777777777774 0.023078124999999998 0.04336111111111111
0 0.7345312500000001 0.3209722222222222 0.026500000000000003 0.033375
0 0.9802890625 0.4089583333333333 0.039421875 0.11604166666666667