1 0.5485625 0.36620833333333336 0.6999140625 0.6588194444444445
0 0.307421875 0.5436388888888889 0.036625000000000005 0.033
0 0.396484375 0.65825 0.03390625 0.056124999999999994
0 0.46986718749999995 0.5271944444444444 0.037984375 0.03679166666666667
0 0.44048437500000004 0.6564444444444444 0.0092890625 0.018902777777777775
0 0.44475 0.6332083333333334 0.00609375 0.011375
0 0.47753125 0.6437083333333333 0.0428984375 0.03975
0 0.5143828125 0.6129027777777778 0.014812500000000001 0.02077777777777778
0 0.52575 0.6317361111111112 0.00984375 0.008402777777777778
0 0.5595078124999999 0.6158888888888889 0.034 0.03243055555555556
0 0.63865625 0.4601111111111111 0.029593750000000002 0.03209722222222222
0 0.606390625 0.45363888888888887 0.0199765625 0.02575
0 0.6878124999999999 0.45402777777777775 0.011734375 0.01970833333333333
0 0.6565624999999999 0.5354305555555555 0.01 0.01936111111111111
0 0.6635156249999999 0.549875 0.0044218750000000005 0.010986111111111111
0 0.7136875 0.46898611111111116 0.01075 0.01976388888888889
0 0.293640625 0.5142222222222222 0.00790625 0.013805555555555555
0 0.3133125 0.5151111111111111 0.007789062500000001 0.010652777777777778
0 0.334359375 0.5365694444444444 0.0054375 0.009347222222222222
0 0.37234375000000003 0.5169583333333333 0.0064375000000000005 0.014347222222222223
0 0.3979921875 0.6176944444444444 0.0039765625 0.009375
0 0.52925 0.6108194444444445 0.006164062499999999 0.012
0 0.55034375 0.5745555555555556 0.00575 0.013347222222222222
0 0.43490624999999994 0.5686388888888889 0.0223359375 0.03272222222222222
0 0.7010234375 0.506375 0.01859375 0.016569444444444446
0 0.6674765625 0.4777222222222222 0.0100859375 0.032375