1 0.5 0.4553888888888889 1 0.9107777777777778
0 0.0550859375 0.8458472222222222 0.07121875 0.0978888888888889
0 0.21910156249999999 0.8254305555555554 0.0992265625 0.10683333333333334
0 0.1440703125 0.6650555555555555 0.054429687500000004 0.06383333333333334
0 0.22640625 0.5838888888888889 0.0624296875 0.061625
0 0.395515625 0.7644444444444444 0.06590625 0.05279166666666667
0 0.5888359375000001 0.6154722222222222 0.009093750000000001 0.016902777777777777
0 0.680984375 0.47723611111111114 0.0135859375 0.022486111111111113
0 0.641921875 0.4398611111111111 0.026250000000000002 0.04041666666666667
0 0.553890625 0.45776388888888886 0.05550000000000001 0.07220833333333333
0 0.4977578125 0.4532083333333333 0.0223671875 0.026069444444444444
0 0.4576171875 0.4273194444444445 0.0551640625 0.058222222222222224
0 0.309921875 0.7620416666666666 0.019164062500000002 0.036625000000000005
0 0.5181171875 0.6187916666666666 0.008265625 0.01173611111111111
0 0.6613203125 0.5449722222222222 0.0555859375 0.08125
0 0.1594921875 0.8014027777777778 0.009375 0.0355
0 0.0579609375 0.7612222222222222 0.0122421875 0.014930555555555556
0 0.1515078125 0.8405416666666667 0.01784375 0.02575
0 0.11575781249999999 0.7667638888888889 0.014109374999999999 0.011194444444444444
0 0.10689062499999999 0.7206388888888889 0.0145546875 0.029388888888888888
0 0.0968125 0.6774305555555555 0.0307265625 0.029805555555555557
0 0.5840234375 0.6509722222222222 0.025031249999999998 0.03702777777777778