1 0.5 0.5 1 1
0 0.18360937500000002 0.4934444444444444 0.051226562499999996 0.05280555555555556
0 0.30651562499999996 0.5040972222222222 0.071 0.16356944444444443
0 0.482859375 0.5785833333333333 0.1349453125 0.18190277777777777
0 0.765609375 0.5440972222222222 0.0553203125 0.08588888888888889
0 0.9065156249999999 0.69125 0.0112421875 0.018847222222222224
0 0.9272578125000001 0.6925833333333333 0.0096875 0.014847222222222222
0 0.7730390625 0.6433611111111112 0.0129453125 0.014347222222222223
0 0.8343203125 0.8371805555555555 0.1492734375 0.17245833333333332
0 0.6741406249999999 0.62025 0.0243515625 0.030305555555555554
0 0.3420390625 0.9335694444444443 0.036328125 0.07666666666666667
0 0.2834140625 0.3707916666666667 0.018562500000000003 0.03120833333333333
0 0.87053125 0.6213888888888889 0.030171874999999997 0.060000000000000005
0 0.69453125 0.64425 0.014609374999999999 0.02761111111111111
0 0.6520859375 0.46611111111111114 0.031984374999999995 0.05734722222222222
0 0.7744140625 0.6985416666666666 0.029734375 0.05263888888888889
0 0.6985234375 0.5590277777777778 0.0408359375 0.07179166666666667