1 0.5 0.5 1 1
0 0.48015625 0.6400555555555555 0.9477109374999999 0.7185555555555556
0 0.08928125 0.4436944444444444 0.061320312499999995 0.065125
0 0.161546875 0.7034861111111111 0.092578125 0.11465277777777777
0 0.24591406249999997 0.7164444444444444 0.054578125 0.10209722222222223
0 0.0660390625 0.7008888888888889 0.023390625 0.06329166666666666
0 0.1967265625 0.5453611111111112 0.1717421875 0.10529166666666667
0 0.38757031249999996 0.7243888888888889 0.1188515625 0.10705555555555556
0 0.3110234375 0.41304166666666664 0.1852890625 0.11238888888888889
0 0.59696875 0.8700555555555556 0.021109375 0.024680555555555556
0 0.9693359375 0.32945833333333335 0.06133593750000001 0.20156944444444444