1 0.670703125 0.39777777777777773 0.65703125 0.7905416666666667
0 0.7854921874999999 0.710388888888889 0.0411015625 0.042625
0 0.787984375 0.5948888888888889 0.017828125 0.034861111111111114
0 0.9197265625 0.7086666666666667 0.055265625 0.10522222222222223
0 0.9808749999999999 0.7603333333333334 0.037796875 0.045
0 0.984375 0.5026527777777778 0.03125 0.06212499999999999
0 0.8056328125000001 0.4579722222222222 0.0488515625 0.0805
0 0.9532421875000001 0.58475 0.01034375 0.036125000000000004
0 0.962453125 0.6114583333333333 0.007015625 0.01513888888888889
0 0.9743515625000001 0.5526805555555556 0.007765625 0.016027777777777776
0 0.836703125 0.6588888888888889 0.012023437500000001 0.017374999999999998