1 0.5 0.45679166666666665 1 0.9135833333333333
0 0.0174921875 0.8505 0.0349765625 0.09981944444444445
0 0.0057578125 0.7619444444444444 0.0115078125 0.013527777777777777
0 0.1071328125 0.8035 0.0127890625 0.03791666666666667
0 0.0979375 0.8406805555555555 0.0186484375 0.02736111111111111
0 0.1694453125 0.8286250000000001 0.09761718750000001 0.10334722222222222
0 0.17584375000000002 0.585 0.064296875 0.061388888888888896
0 0.090609375 0.6666944444444444 0.0577890625 0.06465277777777777
0 0.343078125 0.7654444444444445 0.056015625 0.05390277777777778
0 0.2612265625 0.7661944444444444 0.0199375 0.03869444444444444
0 0.5331640625 0.6544722222222222 0.013484375000000002 0.04155555555555556
0 0.5413203125 0.6171388888888889 0.0088828125 0.01475
0 0.5456953125 0.659 0.0075 0.02025
0 0.5117578125 0.4564166666666667 0.0455234375 0.071375
0 0.41096093749999996 0.4283333333333333 0.058234375000000005 0.058638888888888886
0 0.58840625 0.435375 0.0394453125 0.05391666666666667
0 0.6316328125 0.473 0.018578125 0.03309722222222222
0 0.621171875 0.5495 0.0124765625 0.017319444444444446