1 0.5 0.3121527777777778 1 0.6243055555555556
0 0.118890625 0.613 0.013125000000000001 0.013305555555555555
0 0.193234375 0.62625 0.009234375 0.013805555555555555
0 0.206921875 0.6167638888888889 0.0115234375 0.030583333333333334
0 0.2807265625 0.5972222222222222 0.0785234375 0.0626111111111111
0 0.3762890625 0.5737777777777778 0.0095390625 0.014444444444444446
0 0.44095312499999995 0.5739722222222222 0.00721875 0.01275
0 0.4570390625 0.5709027777777778 0.007867187500000001 0.017333333333333333
0 0.5170859375 0.551875 0.032515625 0.018458333333333334
0 0.6809765624999999 0.5203611111111112 0.0732890625 0.06269444444444444
0 0.7769453125 0.51625 0.0133125 0.05919444444444444
0 0.8803203125 0.5214861111111111 0.051609375 0.06873611111111111
0 0.9847578125 0.538513888888889 0.0304921875 0.057
0 0.2244140625 0.6175277777777778 0.019375 0.03372222222222222
0 0.3305625 0.5894722222222223 0.008671874999999999 0.02047222222222222
0 0.3905859375 0.5763611111111111 0.0075078125 0.017930555555555557
0 0.46921093750000004 0.5635 0.005078125 0.007541666666666666
0 0.6045546875000001 0.5444583333333333 0.009804687500000001 0.015458333333333334
0 0.8036796875000001 0.5117638888888889 0.034703125 0.06602777777777778
0 0.943921875 0.5486111111111112 0.013632812499999999 0.025958333333333337