1 0.417578125 0.5 0.83515625 1
0 0.169125 0.29570833333333335 0.0328671875 0.021777777777777778
0 0.18821875 0.23872222222222222 0.027515625 0.07731944444444444
0 0.26484375 0.39648611111111115 0.0591484375 0.03383333333333333
0 0.5094531250000001 0.9417777777777778 0.07015625 0.11409722222222222
0 0.49279687499999997 0.7526388888888889 0.1869921875 0.3015416666666667
0 0.4403359375 0.5859166666666666 0.04790625 0.021402777777777778
0 0.3337265625 0.176375 0.02275 0.035347222222222224
0 0.3646484375 0.17219444444444446 0.012523437500000002 0.01970833333333333
0 0.38487499999999997 0.1447361111111111 0.0199375 0.04658333333333333
0 0.417296875 0.1947222222222222 0.0254765625 0.034722222222222224
0 0.46097656249999996 0.11570833333333333 0.0084921875 0.021902777777777778
0 0.48392187499999995 0.3668055555555556 0.0198515625 0.03318055555555555
0 0.514375 0.38240277777777776 0.023703125 0.020333333333333335
0 0.589640625 0.39791666666666664 0.0120703125 0.02601388888888889
0 0.37975781249999996 0.40868055555555555 0.0282890625 0.01951388888888889
0 0.608453125 0.5246111111111111 0.012921875 0.017805555555555557
0 0.6406015625 0.5532222222222222 0.0208984375 0.03233333333333333
0 0.344515625 0.8497777777777779 0.0143046875 0.04488888888888889
0 0.3768984375 0.8418333333333333 0.026984374999999998 0.08776388888888889
0 0.38975 0.771611111111111 0.017687500000000002 0.04602777777777778
0 0.34296875 0.45111111111111113 0.012703125000000001 0.01627777777777778
0 0.5273203125 0.12954166666666667 0.008109375 0.028583333333333332
0 0.49100781250000003 0.20204166666666667 0.0416796875 0.048527777777777774