1 0.4993125 0.5047083333333333 0.46530468750000004 0.9905833333333334
0 0.5703203125 0.4911388888888889 0.2256328125 0.8278472222222222
0 0.3021171875 0.6315416666666667 0.019109375 0.025819444444444443
0 0.33296875 0.5240277777777778 0.0989375 0.023791666666666666
0 0.33907031249999997 0.4159861111111111 0.0103515625 0.012166666666666666
0 0.356703125 0.4285 0.013273437499999999 0.019097222222222224
0 0.43821875 0.6724861111111111 0.0097578125 0.017180555555555553
0 0.400515625 0.930236111111111 0.00803125 0.012986111111111111
0 0.43237500000000006 0.7433611111111111 0.00646875 0.015180555555555555
0 0.27160937500000004 0.709875 0.0093046875 0.014972222222222222
0 0.28184375 0.6933472222222222 0.0293359375 0.014958333333333332
0 0.287390625 0.7257916666666667 0.015492187499999999 0.011375
0 0.3061328125 0.7142638888888888 0.007015625 0.006208333333333333
0 0.33390624999999996 0.7080833333333333 0.01440625 0.007861111111111112
0 0.3675 0.7775972222222223 0.010687499999999999 0.009930555555555555
0 0.31059375 0.7255416666666666 0.009585937499999999 0.009916666666666666
0 0.3095 0.7444166666666667 0.0084921875 0.008166666666666666
0 0.2884375 0.6740277777777778 0.0123203125 0.009805555555555555
0 0.3548828125 0.8689722222222221 0.013359375000000001 0.01411111111111111
0 0.3229296875 0.6979444444444444 0.00975 0.012666666666666666
0 0.7051640625 0.8080416666666667 0.0179296875 0.025986111111111113