1 0.38515625 0.34444444444444444 0.7703125 0.6888888888888889
0 0.2644140625 0.7375 0.0278046875 0.07215277777777779
0 0.2654140625 0.8170000000000001 0.01428125 0.028055555555555556
0 0.43625781249999995 0.7720138888888889 0.0348203125 0.06456944444444444
0 0.384296875 0.7452361111111112 0.050523437500000004 0.07130555555555557
0 0.6772734375 0.820763888888889 0.03 0.04161111111111111
0 0.8480234375 0.6190138888888889 0.029703125000000004 0.057888888888888886
0 0.8682421874999999 0.6115416666666667 0.006929687499999999 0.010916666666666667
0 0.8879453125 0.5853194444444445 0.0158359375 0.023930555555555556
0 0.8357734375 0.5499444444444445 0.030289062500000002 0.041180555555555554
0 0.8167734375 0.3883888888888889 0.013664062499999999 0.01865277777777778
0 0.8311249999999999 0.45456944444444447 0.004359375 0.012319444444444444
0 0.8276562500000001 0.4220138888888889 0.00653125 0.019
0 0.8358593750000001 0.4079027777777778 0.0062890625 0.011180555555555556
0 0.8624140625000001 0.5714583333333333 0.006929687499999999 0.00961111111111111
0 0.8830078125 0.5636527777777778 0.0044843750000000005 0.007791666666666667
0 0.4706796875 0.3777083333333333 0.0055703125 0.010291666666666668
0 0.483375 0.3353333333333333 0.004234375 0.010291666666666668
0 0.4318203125 0.37670833333333337 0.0356328125 0.06531944444444444
0 0.4300390625 0.31395833333333334 0.0111328125 0.050680555555555555
0 0.4447734375 0.29580555555555554 0.011226562499999999 0.026027777777777775