1 0.5 0.35859722222222223 1 0.7171944444444445
0 0.03478125 0.4398611111111111 0.020867187500000002 0.01852777777777778
0 0.0801796875 0.4763611111111111 0.014859375 0.018430555555555554
0 0.095109375 0.4815 0.009625 0.01623611111111111
0 0.24619531249999999 0.6245555555555555 0.042078125 0.06705555555555556
0 0.2209375 0.5605972222222222 0.019648437499999998 0.0265
0 0.190765625 0.4976527777777778 0.0334921875 0.050347222222222224
0 0.21296093749999997 0.5277222222222222 0.016367187499999998 0.017875
0 0.1614296875 0.31931944444444443 0.017390625 0.019875
0 0.2571796875 0.38152777777777774 0.052023437500000005 0.0801111111111111
0 0.3403671875 0.42206944444444444 0.0379140625 0.07029166666666667
0 0.46654687499999997 0.5577638888888888 0.033578125 0.03865277777777777
0 0.4025 0.6132222222222222 0.01578125 0.026555555555555558
0 0.3654609375 0.5660694444444444 0.014171875 0.028527777777777777
0 0.28975 0.613625 0.017890625 0.027375
0 0.3220703125 0.6155277777777778 0.0207265625 0.03652777777777778
0 0.7667578125000001 0.5954444444444444 0.023 0.034916666666666665
0 0.656578125 0.5541250000000001 0.0336328125 0.050972222222222224