1 0.384375 0.3194444444444444 0.76875 0.6388888888888888
0 0.7772187500000001 0.6777083333333334 0.05178125 0.125375
0 0.8195703125 0.7527361111111112 0.0173828125 0.02251388888888889
0 0.6170625000000001 0.41080555555555553 0.028937499999999998 0.044125
0 0.5363046875 0.5502083333333333 0.1352890625 0.13802777777777778
0 0.43920312499999997 0.49248611111111107 0.059812500000000005 0.09630555555555556
0 0.43314062499999995 0.407625 0.017984375 0.03676388888888889
0 0.390375 0.48413888888888884 0.041726562499999995 0.11552777777777778
0 0.3018125 0.46399999999999997 0.02421875 0.025361111111111112
0 0.32875 0.4298888888888889 0.020273437499999998 0.01788888888888889
0 0.3410078125 0.4594861111111111 0.0497109375 0.049569444444444444
0 0.7202578125 0.7180972222222222 0.028023437499999998 0.030347222222222223