1 0.5 0.1909722222222222 1 0.3819444444444444
0 0.3052265625 0.4754583333333333 0.0319140625 0.02706944444444444
0 0.34253125 0.47275 0.0304140625 0.03788888888888889
0 0.40226562499999996 0.5300138888888889 0.016242187499999998 0.03061111111111111
0 0.4039765625 0.3973888888888889 0.017765625 0.026541666666666665
0 0.45316406249999996 0.4360833333333334 0.0286328125 0.07872222222222222
0 0.485375 0.4970833333333333 0.030601562500000002 0.04759722222222223
0 0.53596875 0.4803333333333333 0.0665078125 0.10370833333333333
0 0.63225 0.5700833333333333 0.106421875 0.077375
0 0.8163828125 0.24429166666666666 0.0228359375 0.03829166666666667
0 0.7557421875 0.347125 0.011164062499999999 0.01636111111111111
0 0.6515546875 0.31708333333333333 0.0928359375 0.09122222222222223
0 0.622484375 0.1937777777777778 0.013921875 0.025986111111111113
0 0.39834375 0.47125 0.021687500000000002 0.0645138888888889
0 0.745484375 0.5521805555555556 0.0854609375 0.09254166666666666