1 0.5 0.470125 1 0.94025
0 0.0146796875 0.874736111111111 0.0245 0.033888888888888885
0 0.056898437499999996 0.8496666666666667 0.012968750000000001 0.034083333333333334
0 0.0716875 0.8634305555555555 0.008906250000000001 0.017875
0 0.08645312499999999 0.882361111111111 0.0121875 0.021569444444444443
0 0.08820312500000001 0.8396527777777777 0.029640624999999997 0.06219444444444445
0 0.1544609375 0.7848888888888889 0.0210625 0.035666666666666666
0 0.046578125 0.5681388888888889 0.0882890625 0.07688888888888888
0 0.303078125 0.5806944444444445 0.025460937500000003 0.035708333333333335
0 0.26151562500000003 0.7636249999999999 0.10311718750000001 0.11465277777777777
0 0.4652890625 0.4158333333333333 0.0562265625 0.06798611111111111
0 0.3742734375 0.391125 0.0560859375 0.044486111111111115
0 0.5576796875000001 0.3922638888888889 0.0318359375 0.030555555555555555
0 0.5984609375 0.4109305555555556 0.01496875 0.020916666666666667
0 0.6234531249999999 0.41931944444444447 0.026945312500000002 0.03768055555555556
0 0.8647656250000001 0.5031666666666667 0.0249765625 0.059472222222222225