1 0.331640625 0.16527777777777777 0.66328125 0.33055555555555555
0 0.031140624999999998 0.157625 0.062281249999999996 0.11822222222222223
0 0.1965078125 0.30577777777777776 0.0286328125 0.025444444444444443
0 0.2277421875 0.2699166666666667 0.0251640625 0.06169444444444445
0 0.17178125 0.24100000000000002 0.0338359375 0.08405555555555556
0 0.1240703125 0.20281944444444444 0.02603125 0.04009722222222222
0 0.284140625 0.34626388888888887 0.05639062500000001 0.086375
0 0.3216640625 0.16156944444444443 0.148796875 0.313875
0 0.5062421875 0.4083472222222222 0.0295 0.036250000000000004
0 0.6201171875 0.42840277777777774 0.10021093750000001 0.14730555555555555
0 0.6919140625 0.4191527777777778 0.0268984375 0.05629166666666667
0 0.6951640625 0.47158333333333335 0.022125 0.03933333333333333
0 0.760453125 0.091 0.031234374999999998 0.05398611111111111
0 0.8127265625 0.06979166666666667 0.044679687499999995 0.09948611111111111
0 0.731640625 0.7041666666666667 0.02734375 0.044444444444444446