1 0.373046875 0.43194444444444446 0.74609375 0.8638888888888889
0 0.26730468749999997 0.9351944444444444 0.0347421875 0.07859722222222222
0 0.33509375 0.8846666666666667 0.06835156249999999 0.06737499999999999
0 0.381 0.87925 0.0130859375 0.02847222222222222
0 0.41618750000000004 0.8820555555555556 0.0347421875 0.069375
0 0.5284140625 0.5796805555555555 0.17346875 0.6051388888888889
0 0.5461484375000001 0.24469444444444446 0.026976562500000002 0.04722222222222222
0 0.547078125 0.1868611111111111 0.016468749999999997 0.02305555555555556
0 0.5206171875 0.19409722222222223 0.0055625 0.03972222222222222
0 0.5058203125 0.36948611111111107 0.0152890625 0.015805555555555555
0 0.2631640625 0.44962500000000005 0.008453125 0.013180555555555556