1 0.5 0.4553888888888889 1 0.9107777777777778
0 0.034125 0.8489305555555556 0.0682578125 0.11054166666666668
0 0.1832265625 0.8265833333333333 0.13246093750000001 0.10391666666666666
0 0.123 0.6664027777777778 0.0532890625 0.06247222222222222
0 0.20220312499999998 0.582125 0.07325000000000001 0.06820833333333333
0 0.372734375 0.7650555555555556 0.06875 0.05504166666666667
0 0.5670546875 0.6056944444444444 0.0139375 0.03075
0 0.6669140625 0.4671666666666667 0.0198515625 0.03831944444444445
0 0.6234375 0.44548611111111114 0.0160703125 0.03334722222222222
0 0.559625 0.5005277777777778 0.061625 0.15563888888888888
0 0.47925000000000006 0.4527083333333333 0.0223671875 0.026069444444444444
0 0.448828125 0.41554166666666664 0.044484375 0.09405555555555556
0 0.2934453125 0.7617916666666666 0.01575 0.02701388888888889
0 0.4999140625 0.6218333333333333 0.007124999999999999 0.010722222222222222
0 0.6505468750000001 0.5465138888888889 0.01278125 0.015652777777777776
0 0.08107031249999999 0.710388888888889 0.050328125 0.092125