1 0.5 0.2652777777777778 1 0.5305555555555556
0 0.3413984375 0.47429166666666667 0.1075859375 0.058611111111111114
0 0.3507265625 0.4179861111111111 0.02559375 0.027763888888888887
0 0.470859375 0.5561527777777778 0.0200546875 0.01995833333333333
0 0.5268125 0.4976805555555555 0.0605625 0.132625
0 0.5769453125 0.5586527777777778 0.017249999999999998 0.029236111111111112
0 0.636703125 0.6085555555555556 0.027671875000000002 0.02352777777777778
0 0.6601640625 0.5615 0.01203125 0.027805555555555556
0 0.7046875 0.6249583333333334 0.054546874999999995 0.04777777777777777
0 0.7871015625 0.41925 0.029281249999999998 0.06275
0 0.5226640625 0.5817638888888889 0.012234375 0.025708333333333337