1 0.5003671875 0.5153888888888889 0.46372656250000005 0.9692222222222223
0 0.56603125 0.8453055555555555 0.062296874999999995 0.14668055555555556
0 0.5520234375 0.9561666666666667 0.017765625 0.024458333333333332
0 0.5755312499999999 0.9643611111111111 0.01728125 0.02375
0 0.6068203125 0.9822361111111112 0.025312499999999998 0.035541666666666666
0 0.5797421875000001 0.7068611111111112 0.0353359375 0.036069444444444446
0 0.5581640625000001 0.6035277777777778 0.0383828125 0.030541666666666665
0 0.6711953125 0.60225 0.054593749999999996 0.043333333333333335
0 0.6950546875 0.3652083333333333 0.03815625 0.02459722222222222
0 0.721328125 0.4754583333333333 0.0233125 0.01970833333333333
0 0.383484375 0.4095833333333333 0.22921874999999997 0.8191666666666666
0 0.4614140625 0.9886805555555556 0.027195312500000002 0.02263888888888889