1 0.5 0.24513888888888888 1 0.49027777777777776
0 0.2929140625 0.6160833333333333 0.0090859375 0.017194444444444446
0 0.3107890625 0.6007083333333333 0.021390625 0.02813888888888889
0 0.37394531249999996 0.6009722222222222 0.09085156250000001 0.06304166666666666
0 0.412921875 0.5163055555555556 0.026960937499999997 0.03855555555555556
0 0.4653828125 0.5577222222222222 0.022859375 0.058875000000000004
0 0.5434765625 0.6267638888888889 0.093484375 0.06563888888888889
0 0.612203125 0.629625 0.0076171875 0.013027777777777779
0 0.8111953125 0.4625138888888889 0.0338125 0.025763888888888888
0 0.7956640625 0.42754166666666665 0.012421875 0.017180555555555553
0 0.792046875 0.36068055555555556 0.01621875 0.030666666666666665
0 0.8615703124999999 0.34656944444444443 0.0220859375 0.035583333333333335
0 0.8567421875000001 0.42477777777777775 0.012421875 0.016555555555555556
0 0.6623046875 0.13524999999999998 0.033468750000000005 0.06072222222222222
0 0.6391875 0.29904166666666665 0.07418749999999999 0.08648611111111111
0 0.6968125 0.367125 0.013453125 0.016555555555555556
0 0.7092343750000001 0.43644444444444447 0.04934375 0.07544444444444444
0 0.6583359375 0.4152777777777778 0.047617187500000005 0.07729166666666666
0 0.62196875 0.3677777777777778 0.014343749999999999 0.014347222222222223
0 0.5905859375 0.33131944444444444 0.0121015625 0.021916666666666664