1 0.663609375 0.3961944444444444 0.427234375 0.713625
0 0.3825078125 0.8907361111111112 0.030859375 0.08008333333333333
0 0.5027421875 0.7410277777777777 0.20461718750000002 0.11966666666666666
0 0.3171171875 0.7493888888888888 0.056414062499999994 0.06931944444444443
0 0.15923437499999998 0.7703055555555556 0.0168984375 0.030805555555555555
0 0.24650781249999998 0.7833888888888888 0.04765625 0.05476388888888889
0 0.3561015625 0.6353333333333333 0.006640625 0.012624999999999999
0 0.3561015625 0.6154583333333333 0.0045703125 0.018027777777777778
0 0.362484375 0.6317777777777778 0.005609375 0.012388888888888889
0 0.3497265625 0.7114305555555556 0.00490625 0.016680555555555556
0 0.3848984375 0.8326805555555555 0.007140625 0.014
0 0.2698125 0.8737083333333334 0.0090625 0.011791666666666667
0 0.2811796875 0.8756250000000001 0.00821875 0.010208333333333333
0 0.2943828125 0.8688472222222223 0.0066640625 0.017027777777777777
0 0.30939843749999996 0.8662638888888889 0.019171874999999998 0.012458333333333333
0 0.3842421875 0.9538055555555556 0.01521875 0.028236111111111108