1 0.5 0.18715277777777778 1 0.37430555555555556
0 0.893015625 0.35450000000000004 0.0780546875 0.06888888888888889
0 0.6398203125 0.3551388888888889 0.02271875 0.04593055555555556
0 0.6216171875 0.3499861111111111 0.0058984375 0.011875
0 0.427359375 0.29275 0.0126015625 0.03395833333333333
0 0.3539296875 0.3096111111111111 0.011515625 0.021916666666666664
0 0.326765625 0.3245416666666667 0.02384375 0.03011111111111111
0 0.3919296875 0.3062361111111111 0.0051484375 0.008916666666666666
0 0.17679687500000002 0.3458472222222222 0.019234375 0.026972222222222224
0 0.203078125 0.3373055555555556 0.015984375000000002 0.034444444444444444
0 0.226109375 0.3412777777777778 0.0105703125 0.01686111111111111
0 0.2800234375 0.338625 0.01978125 0.012527777777777777
0 0.1182734375 0.3634305555555556 0.011109375000000001 0.013
0 0.1324921875 0.36138888888888887 0.007585937500000001 0.007944444444444445
0 0.10492187500000001 0.3600555555555556 0.008796875 0.02001388888888889