1 0.429296875 0.34097222222222223 0.85859375 0.6819444444444445
0 0.231015625 0.2748055555555556 0.0658046875 0.042680555555555555
0 0.2391796875 0.3433611111111111 0.0171484375 0.020694444444444446
0 0.2741015625 0.341625 0.010624999999999999 0.016458333333333332
0 0.29295312500000004 0.3505833333333333 0.012687499999999999 0.018027777777777778
0 0.38122656250000003 0.37244444444444447 0.027914062499999996 0.023083333333333334
0 0.35319531249999997 0.3375277777777778 0.0092578125 0.014013888888888888
0 0.404515625 0.25698611111111114 0.0130859375 0.019930555555555556
0 0.39421875 0.5254305555555555 0.018312500000000002 0.023763888888888886
0 0.44356249999999997 0.624125 0.047453125 0.07679166666666666
0 0.38689062500000004 0.3151111111111111 0.0078828125 0.01584722222222222
0 0.517625 0.5313472222222222 0.062281249999999996 0.052458333333333336
0 0.5204453124999999 0.38880555555555557 0.0161875 0.023555555555555555
0 0.5044375 0.41925 0.010328125 0.017944444444444443
0 0.5075078125 0.4685694444444444 0.025007812499999997 0.03641666666666667
0 0.5787656250000001 0.6058194444444445 0.014851562500000002 0.02408333333333333
0 0.724109375 0.5403749999999999 0.0272890625 0.06566666666666666
0 0.649046875 0.5352083333333334 0.08967968750000001 0.15115277777777777
0 0.8147421874999999 0.5275694444444444 0.017695312499999998 0.03288888888888889
0 0.8051875000000001 0.4774305555555556 0.01053125 0.012041666666666666
0 0.690140625 0.26261111111111113 0.0338671875 0.06206944444444444
0 0.33153125 0.26131944444444444 0.0105078125 0.013
0 0.3605 0.3012916666666667 0.004609375000000001 0.012041666666666666
0 0.168765625 0.270375 0.0064296875000000005 0.008708333333333334
0 0.40396093750000006 0.5069722222222222 0.0045703125 0.009472222222222222
0 0.41861718750000004 0.5167777777777778 0.00646875 0.010833333333333334
0 0.1774453125 0.2611527777777778 0.0062578124999999995 0.008430555555555556
0 0.329 0.3154027777777778 0.0071796874999999994 0.01152777777777778
0 0.337109375 0.30613888888888885 0.00625 0.012763888888888889
0 0.359921875 0.2742222222222222 0.0064843750000000006 0.00823611111111111