1 0.4999140625 0.5009722222222222 0.4646328125 0.9980694444444445
0 0.32890625 0.9302916666666666 0.1227734375 0.13941666666666666
0 0.5993359375 0.9866944444444444 0.023875 0.026625000000000003
0 0.692703125 0.8799861111111111 0.0691953125 0.052875
0 0.52628125 0.5915555555555556 0.10514062500000002 0.23583333333333334
0 0.549515625 0.4124305555555555 0.0696640625 0.12630555555555556
0 0.6516015625 0.3797638888888889 0.04771875 0.051055555555555555
0 0.3366484375 0.4549861111111111 0.01815625 0.017138888888888888
0 0.371046875 0.4350416666666667 0.0711796875 0.08155555555555555
0 0.43569531250000004 0.3250277777777778 0.030640624999999998 0.024069444444444442
0 0.33268749999999997 0.6050694444444444 0.02084375 0.029541666666666667
0 0.59290625 0.6097222222222223 0.028375 0.020583333333333335