1 0.38125 0.2326388888888889 0.7015625 0.4652777777777778
0 0.49292187500000006 0.5076666666666666 0.025671875 0.02423611111111111
0 0.6157421875 0.464125 0.0274296875 0.043277777777777776
0 0.46557031249999997 0.4195138888888889 0.0353203125 0.0285
0 0.4873671875 0.44290277777777776 0.0112734375 0.017374999999999998
0 0.49725 0.4464583333333333 0.0071953125 0.011125
0 0.5357421875 0.4240555555555555 0.0381796875 0.029208333333333336
0 0.5230703125 0.38066666666666665 0.02096875 0.03143055555555555
0 0.5245546875 0.3581388888888889 0.0070390625 0.010847222222222222
0 0.5122734375 0.31154166666666666 0.046625 0.07844444444444444
0 0.45619531249999995 0.32134722222222223 0.014609374999999999 0.01672222222222222
0 0.421 0.2743333333333334 0.060328124999999996 0.09708333333333334
0 0.29605468749999997 0.2538611111111111 0.004 0.0065
0 0.30177343749999996 0.24786111111111112 0.0042265625 0.006305555555555556
0 0.3646640625 0.3068472222222222 0.048875 0.02372222222222222
0 0.63725 0.24670833333333334 0.005140625 0.010152777777777778
0 0.2277421875 0.04311111111111111 0.00665625 0.011833333333333333
0 0.333140625 0.24681944444444445 0.0133125 0.015777777777777776