1 0.4348671875 0.49895833333333334 0.8651875 0.9979027777777778
0 0.2643828125 0.8978194444444444 0.025703125 0.06118055555555555
0 0.4916171875 0.9329999999999999 0.031109375 0.053611111111111116
0 0.4783046875 0.8354305555555556 0.015226562499999999 0.031194444444444445
0 0.5038125 0.8868055555555555 0.0492421875 0.06115277777777778
0 0.48936718749999997 0.6316527777777778 0.018265625 0.041027777777777774
0 0.36242968750000004 0.5426527777777778 0.037859375 0.030541666666666665
0 0.246296875 0.6097638888888889 0.028046875 0.02959722222222222
0 0.19146093749999998 0.6679166666666666 0.01103125 0.020722222222222222
0 0.35939062499999996 0.27579166666666666 0.0283203125 0.04045833333333333
0 0.277828125 0.23329166666666667 0.015296874999999998 0.04802777777777777
0 0.2530625 0.25883333333333336 0.01971875 0.042847222222222224
0 0.244125 0.30356944444444445 0.0185 0.02126388888888889
0 0.062828125 0.40191666666666664 0.027937499999999997 0.041180555555555554
0 0.096625 0.3174444444444445 0.0323671875 0.1052361111111111
0 0.63075 0.17290277777777777 0.012296875 0.029083333333333336
0 0.6103984375 0.22466666666666665 0.01046875 0.026319444444444444
0 0.5665 0.38387499999999997 0.018445312499999998 0.04119444444444444
0 0.43071093749999995 0.16094444444444445 0.014093749999999999 0.021055555555555557
0 0.41028125 0.22681944444444443 0.021124999999999998 0.022
0 0.4353515625 0.29886111111111113 0.052531249999999995 0.06959722222222223
0 0.4064140625 0.5831944444444445 0.014093749999999999 0.03140277777777778
0 0.3082421875 0.241625 0.0169453125 0.019944444444444445
0 0.3379140625 0.22380555555555554 0.0200703125 0.025972222222222223
0 0.12039843750000001 0.5766527777777778 0.0750625 0.06063888888888888
0 0.27934375 0.5449305555555556 0.013265625 0.028305555555555553
0 0.481421875 0.7270000000000001 0.0147890625 0.035583333333333335
0 0.5397968750000001 0.6110416666666667 0.03778125 0.053152777777777785
0 0.1750625 0.4935555555555556 0.0116953125 0.018791666666666665
0 0.143796875 0.5285694444444444 0.0092578125 0.020972222222222222
0 0.0369140625 0.7291388888888889 0.011890625 0.022263888888888892
0 0.0278828125 0.6783472222222222 0.00965625 0.03180555555555555