1 0.5 0.30972222222222223 1 0.6194444444444445
0 0.0265078125 0.6489583333333333 0.053015625 0.09759722222222221
0 0.1016953125 0.5824444444444444 0.08515625 0.21144444444444446
0 0.2573515625 0.6026527777777778 0.176890625 0.15097222222222223
0 0.4064453125 0.5392638888888889 0.094078125 0.18268055555555557
0 0.5276171875 0.49734722222222216 0.10791406249999999 0.17141666666666666
0 0.7393359375 0.4481388888888889 0.09078906249999999 0.17058333333333334
0 0.802796875 0.48358333333333337 0.010320312500000001 0.03377777777777778
0 0.939453125 0.47148611111111116 0.046218749999999996 0.12302777777777778
0 0.993828125 0.4201944444444445 0.0123359375 0.03127777777777778
0 0.9945390625 0.5040277777777777 0.0109296875 0.02711111111111111