1 0.5 0.41201388888888885 1 0.8240138888888888
0 0.6161171875 0.797138888888889 0.076875 0.050944444444444445
0 0.19137500000000002 0.3787916666666667 0.089890625 0.07029166666666667
0 0.09740625 0.3260416666666667 0.04928125 0.02727777777777778
0 0.021601562499999998 0.35793055555555553 0.0431953125 0.0758888888888889
0 0.058820312500000006 0.29008333333333336 0.0211640625 0.017666666666666667
0 0.00425 0.7853611111111112 0.0085078125 0.01604166666666667
0 0.0418828125 0.7766805555555556 0.0193515625 0.026083333333333333
0 0.10928125 0.7802638888888889 0.060750000000000005 0.0753888888888889
0 0.37417968749999997 0.5364166666666667 0.0816484375 0.07525
0 0.523203125 0.5269861111111112 0.056257812500000004 0.05443055555555555
0 0.4508515625 0.5660138888888888 0.018734375 0.02347222222222222
0 0.43210156250000004 0.5377638888888889 0.0213828125 0.010583333333333333
0 0.43663281249999997 0.43034722222222227 0.016953125 0.044736111111111115
0 0.7431875 0.5185694444444444 0.0500859375 0.056402777777777774
0 0.681015625 0.5159583333333333 0.015703125000000002 0.029388888888888888
0 0.7736484375 0.39751388888888883 0.0454765625 0.06581944444444444
0 0.97109375 0.6273472222222222 0.0578125 0.05561111111111111