1 0.48415625 0.4459027777777778 0.9683125 0.8918055555555556
0 0.0922109375 0.47376388888888893 0.14184375 0.11433333333333333
0 0.022101562499999998 0.6093611111111111 0.044203124999999996 0.06675
0 0.035546875 0.8272638888888889 0.0357421875 0.033944444444444444
0 0.3171015625 0.7317361111111111 0.08637500000000001 0.07920833333333334
0 0.2455078125 0.7675277777777778 0.011679687499999999 0.03943055555555556
0 0.12390625 0.7865277777777777 0.1173671875 0.10536111111111111
0 0.52640625 0.3594166666666666 0.0661015625 0.07893055555555556
0 0.6823750000000001 0.4858472222222222 0.043640625 0.043541666666666666
0 0.6302421875 0.35268055555555555 0.043171875 0.036319444444444446
0 0.034898437500000004 0.7770555555555556 0.0194453125 0.042888888888888886
0 0.2872734375 0.6338194444444445 0.01046875 0.031152777777777776
0 0.22545312499999998 0.7191527777777778 0.021374999999999998 0.060444444444444446
0 0.48441406249999996 0.2801666666666667 0.0166171875 0.05558333333333334
0 0.0092578125 0.4586944444444444 0.0106796875 0.021486111111111112