1 0.38125 0.25972222222222224 0.7015625 0.5194444444444445
0 0.4782109375 0.5071111111111111 0.0178515625 0.02423611111111111
0 0.59365625 0.46472222222222226 0.022671875 0.043277777777777776
0 0.44565625000000003 0.41837500000000005 0.038320312499999995 0.0285
0 0.46788281249999997 0.44443055555555555 0.0104140625 0.01584722222222222
0 0.47847656250000004 0.44756944444444446 0.0071953125 0.014458333333333333
0 0.518703125 0.4245555555555556 0.034265625 0.029208333333333336
0 0.5048125 0.3797222222222222 0.020546875 0.02727777777777778
0 0.5060859375 0.3585138888888889 0.0070390625 0.009333333333333332
0 0.5011328125000001 0.3126805555555556 0.03325 0.06787499999999999
0 0.4381015625 0.32211111111111107 0.013109375000000001 0.01672222222222222
0 0.40590624999999997 0.26576388888888886 0.05240625 0.08376388888888889
0 0.276125 0.2538611111111111 0.004 0.0065
0 0.282140625 0.24733333333333335 0.0042265625 0.006305555555555556
0 0.3449609375 0.30704166666666666 0.048875 0.021819444444444447
0 0.6176953125 0.24720833333333334 0.005140625 0.010152777777777778
0 0.2076953125 0.04008333333333333 0.00665625 0.011833333333333333
0 0.48385156250000005 0.47281944444444446 0.006578125 0.012833333333333334