1 0.5 0.31527777777777777 1 0.6305555555555555
0 0.1937265625 0.6264166666666666 0.0067578125 0.009958333333333333
0 0.2035546875 0.6270972222222222 0.0068828125 0.011013888888888889
0 0.2836640625 0.5926666666666667 0.0699296875 0.07173611111111111
0 0.44050781250000004 0.574625 0.0063203124999999995 0.011444444444444445
0 0.45932031249999994 0.5741527777777777 0.007539062500000001 0.014
0 0.51859375 0.55 0.0355234375 0.022222222222222223
0 0.6792812500000001 0.5130694444444445 0.0691171875 0.07820833333333334
0 0.75453125 0.5415694444444444 0.006234375 0.014069444444444445
0 0.8838984375000001 0.5125972222222223 0.058765625 0.09
0 0.9842656249999999 0.5530555555555555 0.0314609375 0.02475
0 0.2259921875 0.6214305555555556 0.012882812499999998 0.025472222222222222
0 0.3296953125 0.5917777777777777 0.01040625 0.016291666666666666
0 0.3832265625 0.5750416666666667 0.0173984375 0.017930555555555557
0 0.46921093750000004 0.5635 0.005078125 0.007541666666666666
0 0.788015625 0.5187777777777778 0.0251875 0.041
0 0.9523828125 0.5418194444444444 0.016234375000000002 0.04215277777777778