1 0.5 0.3076388888888889 1 0.6152777777777778
0 0.1313984375 0.6001388888888889 0.1148203125 0.050125
0 0.20809375000000002 0.6170416666666666 0.0211328125 0.026972222222222224
0 0.28219531249999996 0.5958472222222222 0.111359375 0.06743055555555555
0 0.44164843749999994 0.5476805555555555 0.035765625 0.062625
0 0.5216484375 0.545875 0.0215390625 0.025763888888888888
0 0.6081484374999999 0.5415416666666667 0.0186953125 0.020958333333333332
0 0.6725 0.5214305555555556 0.052023437500000005 0.06213888888888889
0 0.72303125 0.5280555555555555 0.0224921875 0.013722222222222222
0 0.742203125 0.5073333333333333 0.013679687500000001 0.082125
0 0.7888515625 0.5367777777777778 0.0071796874999999994 0.014694444444444444
0 0.8251015625000001 0.5302083333333333 0.0174296875 0.03365277777777778
0 0.8761640625 0.5171666666666667 0.04634375 0.07906944444444444
0 0.9376562500000001 0.5386666666666666 0.0273671875 0.04019444444444445
0 0.997484375 0.5531388888888888 0.0050390625 0.018291666666666668