1 0.4421875 0.44308333333333333 0.6703125 0.5138333333333333
0 0.524640625 0.6809861111111111 0.0253828125 0.02344444444444444
0 0.48986718749999997 0.5866388888888889 0.0448359375 0.03868055555555556
0 0.5172265625 0.6159444444444445 0.0046171875 0.010555555555555556
0 0.526953125 0.6179861111111111 0.007578125 0.012305555555555554
0 0.5429375000000001 0.6241388888888889 0.0046171875 0.008208333333333333
0 0.571125 0.5886805555555555 0.03790625 0.03340277777777778
0 0.5533203125 0.549125 0.02340625 0.03868055555555556
0 0.5439296875 0.4793888888888889 0.0494453125 0.06212499999999999
0 0.48046875 0.4823194444444444 0.01021875 0.015236111111111112
0 0.3917890625 0.4685416666666667 0.074171875 0.026375
0 0.3479453125 0.4017361111111111 0.015492187499999999 0.018166666666666668
0 0.42624218750000004 0.40231944444444445 0.017140625 0.026375
0 0.43432031249999997 0.43191666666666667 0.015492187499999999 0.024611111111111108
0 0.45228124999999997 0.41052777777777777 0.017140625 0.03926388888888889
0 0.46596093749999995 0.4462777777777778 0.028023437499999998 0.027541666666666666
0 0.66575 0.6207083333333334 0.007710937499999999 0.020180555555555556
0 0.7242109375 0.6188055555555556 0.012421875 0.016374999999999997
0 0.659 0.39991666666666664 0.0096328125 0.015611111111111112
0 0.678921875 0.39915277777777775 0.0045 0.010277777777777778
0 0.7915546875 0.5967222222222222 0.0096328125 0.010277777777777778
0 0.3090546875 0.4077777777777778 0.00453125 0.0073194444444444435
0 0.3150234375 0.40155555555555555 0.00453125 0.00586111111111111
0 0.32243750000000004 0.38855555555555554 0.004117187499999999 0.008416666666666666