1 0.5 0.5 1 1
0 0.3436328125 0.9505138888888889 0.0264296875 0.036055555555555556
0 0.1831484375 0.4981388888888889 0.02715625 0.053750000000000006
0 0.296015625 0.5052777777777778 0.09178125000000001 0.16809722222222223
0 0.476625 0.5911111111111111 0.13471875 0.17493055555555556
0 0.762953125 0.5400277777777778 0.051531249999999994 0.07952777777777778
0 0.8944140624999999 0.8987916666666667 0.053109375 0.04619444444444444
0 0.7993046875 0.8431527777777779 0.0837109375 0.10143055555555555
0 0.8990625 0.6631805555555556 0.0216484375 0.041375
0 0.9067421875000001 0.6917777777777777 0.0101796875 0.013972222222222223
0 0.6373984375 0.7483333333333333 0.018437500000000002 0.03265277777777778
0 0.74809375 0.7285416666666666 0.0165390625 0.03813888888888889
0 0.779984375 0.7040833333333333 0.020624999999999998 0.042680555555555555
0 0.7771171875 0.7603333333333334 0.0405703125 0.060208333333333336