1 0.5 0.4080416666666667 1 0.8160833333333334
0 0.090046875 0.7163888888888889 0.043476562499999996 0.06294444444444444
0 0.5401171875 0.4301527777777778 0.037828125000000004 0.14681944444444445
0 0.6076875 0.800138888888889 0.031421875 0.03333333333333333
0 0.6272734375 0.7400694444444444 0.0869375 0.08927777777777778
0 0.5708125 0.6144305555555556 0.0399375 0.041125
0 0.61765625 0.2893611111111111 0.0360234375 0.06269444444444444
0 0.55778125 0.26756944444444447 0.0265625 0.04533333333333334
0 0.499015625 0.30819444444444444 0.019039062500000002 0.035916666666666666
0 0.33137500000000003 0.2865138888888889 0.03259375 0.07929166666666668
0 0.2995234375 0.2867638888888889 0.0243671875 0.04509722222222222
0 0.44680468749999996 0.19494444444444448 0.066578125 0.11676388888888888
0 0.48584375 0.13101388888888887 0.10003124999999999 0.15248611111111113
0 0.3736171875 0.3382638888888889 0.0178046875 0.08118055555555556
0 0.4750234375 0.5393055555555556 0.08695312499999999 0.305875
0 0.3821015625 0.034666666666666665 0.0844609375 0.066375