1 0.5 0.4560972222222222 1 0.9121805555555556
0 0.1385078125 0.49730555555555556 0.1221640625 0.1014861111111111
0 0.0414296875 0.6070972222222223 0.066078125 0.08025
0 0.3640078125 0.73025 0.0546953125 0.06618055555555555
0 0.262734375 0.7161111111111111 0.0857578125 0.14968055555555554
0 0.12175 0.7817361111111112 0.155671875 0.13058333333333333
0 0.68571875 0.47420833333333334 0.08352343749999999 0.05618055555555556
0 0.6403671875 0.3512222222222222 0.0172578125 0.034916666666666665
0 0.552015625 0.355 0.061578125 0.0905138888888889
0 0.558828125 0.5808055555555556 0.007640625 0.008930555555555554
0 0.5097109375 0.5400277777777778 0.0062265624999999995 0.009805555555555555
0 0.536875 0.5264027777777778 0.0113203125 0.016180555555555556
0 0.5261015625 0.5409444444444444 0.0146171875 0.02711111111111111
0 0.50990625 0.5700138888888889 0.0045546875 0.00813888888888889
0 0.02496875 0.4678333333333333 0.01040625 0.01184722222222222