1 0.5 0.4059305555555555 1 0.811861111111111
0 0.012703125000000001 0.45905555555555555 0.0253984375 0.0763611111111111
0 0.20661718750000002 0.6554583333333334 0.102578125 0.13959722222222223
0 0.090015625 0.6835555555555556 0.0204921875 0.030333333333333334
0 0.0172734375 0.7348611111111112 0.01928125 0.034055555555555554
0 0.0059140625 0.7603888888888889 0.0108125 0.01588888888888889
0 0.0187734375 0.7817083333333333 0.0179765625 0.022236111111111113
0 0.030257812499999998 0.7607638888888889 0.0085 0.01663888888888889
0 0.31429687500000003 0.2945 0.0574453125 0.03998611111111111
0 0.405375 0.3080833333333333 0.056546874999999996 0.07570833333333334
0 0.49924999999999997 0.30340277777777774 0.0315 0.044625000000000005
0 0.5445546875 0.31902777777777774 0.029406250000000002 0.04783333333333333
0 0.799609375 0.4129583333333333 0.0566015625 0.104125