1 0.5515625 0.23472222222222222 0.665625 0.4666666666666667
0 0.5984375 0.5053055555555556 0.02084375 0.029638888888888888
0 0.5676953124999999 0.4143055555555556 0.038554687500000004 0.03844444444444444
0 0.5921796875 0.43930555555555556 0.0072968749999999995 0.01898611111111111
0 0.6010390625 0.4441666666666667 0.005734375 0.013888888888888888
0 0.6160234375 0.4508888888888889 0.0075546875 0.009722222222222222
0 0.7210156249999999 0.4626944444444444 0.028398437500000002 0.04909722222222222
0 0.641421875 0.42125 0.0380390625 0.025472222222222222
0 0.6250078125 0.371 0.0323046875 0.042611111111111113
0 0.6214921875 0.30916666666666665 0.035171875000000005 0.07272222222222222
0 0.56053125 0.31819444444444445 0.0132890625 0.017597222222222222
0 0.5252265625 0.26029166666666664 0.0609609375 0.09633333333333333
0 0.46934375 0.30406944444444445 0.04871875 0.02454166666666667
0 0.5012578125 0.315875 0.010421875 0.012041666666666666
0 0.7428984375 0.2405972222222222 0.0048125 0.006722222222222222
0 0.757515625 0.23769444444444443 0.0048125 0.007638888888888889
0 0.40609375 0.24744444444444444 0.005124999999999999 0.006333333333333333
0 0.43671875 0.24605555555555556 0.0129140625 0.015444444444444443
0 0.33278125 0.04643055555555556 0.0058046875 0.01376388888888889