1 0.5 0.25763888888888886 1 0.5152777777777777
0 0.4040078125 0.5441944444444444 0.093390625 0.04731944444444444
0 0.4396328125 0.49030555555555555 0.01925 0.028527777777777777
0 0.47564062500000004 0.522625 0.021390625 0.053875
0 0.5218125 0.5318194444444445 0.0146171875 0.021555555555555553
0 0.53215625 0.5708055555555556 0.04528125 0.036125000000000004
0 0.6893906249999999 0.46138888888888885 0.0224609375 0.017875
0 0.6794140625 0.43863888888888886 0.009625 0.013944444444444443
0 0.6772734375 0.3996527777777778 0.011765625 0.024722222222222222
0 0.719203125 0.3935138888888889 0.019039062500000002 0.023833333333333335
0 0.718171875 0.43858333333333327 0.012125 0.010777777777777777
0 0.597578125 0.25608333333333333 0.021390625 0.04056944444444444
0 0.572171875 0.36984722222222227 0.067953125 0.03901388888888889
0 0.6086796875 0.43074999999999997 0.064453125 0.07270833333333333