1 0.370703125 0.30069444444444443 0.74140625 0.6013888888888889
0 0.75234375 0.7090833333333334 0.09323437500000001 0.08561111111111111
0 0.8218359375000001 0.754236111111111 0.0143125 0.02313888888888889
0 0.54225 0.5571944444444444 0.133609375 0.07326388888888889
0 0.62271875 0.4179861111111111 0.0342734375 0.030847222222222224
0 0.3286640625 0.45037499999999997 0.07384375 0.07091666666666667
0 0.43464843750000004 0.4093611111111111 0.0214296875 0.028722222222222222
0 0.4448671875 0.4925694444444444 0.03659375 0.08497222222222223
0 0.38651562500000003 0.5212916666666666 0.043187500000000004 0.04747222222222222
0 0.4016796875 0.4905277777777778 0.0220859375 0.04688888888888888
0 0.4739453125 0.5006805555555556 0.019296874999999998 0.025444444444444443