1 0.40630468750000004 0.31525 0.8126093750000001 0.6305
0 0.48740625 0.5807916666666667 0.05225 0.06755555555555556
0 0.44551562499999997 0.49751388888888887 0.0185390625 0.021680555555555554
0 0.43770312499999997 0.3743194444444444 0.0331796875 0.021680555555555554
0 0.349875 0.3517638888888889 0.013664062499999999 0.01648611111111111
0 0.3676796875 0.35566666666666663 0.013171875 0.019083333333333334
0 0.3245 0.34873611111111114 0.016593749999999997 0.015611111111111112
0 0.332546875 0.2997222222222222 0.0239140625 0.028624999999999998
0 0.5311484375 0.3908055555555556 0.0541640625 0.05291666666666667
0 0.5371484375 0.451 0.026742187499999997 0.031055555555555555
0 0.5455234375 0.49886111111111114 0.052054687499999995 0.044375
0 0.6346640625 0.5194583333333334 0.09769531249999999 0.12233333333333334
0 0.6836875 0.285875 0.028164062499999996 0.06465277777777777
0 0.4546015625 0.28144444444444444 0.0171171875 0.02408333333333333
0 0.4162734375 0.3460972222222222 0.0067734375 0.010138888888888888
0 0.2970078125 0.2941111111111111 0.021390625 0.020277777777777777
0 0.7168515625 0.49822222222222223 0.011765625 0.022819444444444444
0 0.7756796875 0.5004444444444445 0.0167578125 0.031055555555555555
0 0.4558984375 0.48137499999999994 0.0059921875 0.010277777777777778
0 0.46703124999999995 0.48956944444444445 0.0059921875 0.010652777777777778
0 0.374859375 0.2896666666666667 0.00625 0.008652777777777778
0 0.3850546875 0.2888472222222222 0.0048671875 0.011944444444444443
0 0.395703125 0.30140277777777774 0.0071796874999999994 0.006583333333333333
0 0.39558593750000004 0.3131388888888889 0.005093749999999999 0.009472222222222222
0 0.3959375 0.32837500000000003 0.005328125 0.011944444444444443
0 0.4019609375 0.32095833333333335 0.005328125 0.014416666666666668
0 0.4210625 0.32611111111111113 0.0046328125 0.006583333333333333
0 0.435078125 0.3296111111111111 0.0043984375 0.007
0 0.44283593750000005 0.3298055555555556 0.004171875 0.00823611111111111