1 0.54140625 0.29541666666666666 0.9171875 0.5908194444444445
0 0.0853828125 0.5665972222222222 0.0491875 0.05452777777777777
0 0.09590625 0.6293055555555556 0.024234375 0.05305555555555556
0 0.158640625 0.4971111111111111 0.029796875 0.08197222222222222
0 0.20840625 0.6024027777777778 0.1126015625 0.059208333333333335
0 0.2963046875 0.592375 0.044414062500000004 0.042625
0 0.1937734375 0.5364861111111111 0.01640625 0.06618055555555555
0 0.3847578125 0.39787500000000003 0.0637734375 0.07968055555555555
0 0.249671875 0.2518333333333333 0.03340625 0.024763888888888887
0 0.466953125 0.42775 0.044140625 0.05938888888888889
0 0.4310625 0.4947916666666667 0.0295078125 0.022166666666666668
0 0.5358906250000001 0.5478055555555555 0.06741406250000001 0.06402777777777778
0 0.5293359375 0.4521944444444444 0.0364609375 0.04855555555555556
0 0.428046875 0.3129444444444444 0.05 0.03880555555555556
0 0.494046875 0.2999722222222222 0.036367187499999995 0.058680555555555555
0 0.6158203125 0.37234722222222216 0.021015625 0.02363888888888889
0 0.578296875 0.4364861111111111 0.019421874999999998 0.02851388888888889
0 0.797171875 0.4616666666666666 0.0494375 0.053611111111111116
0 0.760875 0.41512499999999997 0.0300703125 0.025583333333333336
0 0.869765625 0.42077777777777775 0.058367187499999994 0.053875
0 0.8704609375000001 0.4610972222222222 0.00971875 0.013125
0 0.9685 0.46902777777777777 0.012046875 0.021680555555555554
0 0.1360078125 0.245125 0.009734375 0.011583333333333333
0 0.150984375 0.23615277777777777 0.0083359375 0.00911111111111111
0 0.1619609375 0.21525 0.00415625 0.007569444444444445