1 0.4837890625 0.24583333333333332 0.967578125 0.49166666666666664
0 0.00840625 0.4273472222222222 0.0168125 0.034111111111111106
0 0.025500000000000002 0.4335 0.0066484375 0.017180555555555553
0 0.065046875 0.4381805555555556 0.0211875 0.014541666666666668
0 0.1180390625 0.4301527777777778 0.030015625 0.028527777777777777
0 0.1921640625 0.39695833333333336 0.1015859375 0.06825
0 0.3695703125 0.42634722222222227 0.0118671875 0.03168055555555555
0 0.48627343749999996 0.46847222222222223 0.035148437500000004 0.043722222222222225
0 0.7548203124999999 0.44781944444444444 0.0670078125 0.09322222222222223
0 0.89196875 0.45870833333333333 0.0353671875 0.023125
0 0.8678203124999999 0.4615833333333333 0.008546874999999999 0.01025
0 0.08792968749999999 0.4348888888888889 0.019039062500000002 0.021819444444444447
0 0.038828125000000005 0.4297638888888889 0.0100234375 0.012472222222222223
0 0.09964062500000001 0.3866805555555556 0.013398437499999999 0.018486111111111113
0 0.314890625 0.4179305555555556 0.0084140625 0.014388888888888889