1 0.5 0.28680555555555554 1 0.5736111111111111
0 0.0111953125 0.5002361111111111 0.0083203125 0.015125000000000001
0 0.078875 0.515625 0.00565625 0.00811111111111111
0 0.147703125 0.5354444444444444 0.0582890625 0.035458333333333335
0 0.23450781250000002 0.5386805555555556 0.03209375 0.030944444444444445
0 0.30034375 0.5371666666666667 0.0629140625 0.042083333333333334
0 0.34192187500000004 0.5501111111111111 0.009664062499999999 0.016833333333333332
0 0.41479687500000006 0.5157916666666666 0.025515624999999997 0.042430555555555555
0 0.44195312500000006 0.5301527777777777 0.018789062500000002 0.014875000000000001
0 0.4884765625 0.5266388888888889 0.014203125 0.010416666666666666
0 0.5681640625 0.4907916666666667 0.10499218749999999 0.08230555555555555
0 0.5657421874999999 0.5205277777777777 0.0067734375 0.013666666666666667
0 0.6438515625 0.5257361111111111 0.012632812500000002 0.019458333333333334
0 0.6990390625 0.5465 0.025320312499999997 0.05125
0 0.8471640624999999 0.5361805555555555 0.0145546875 0.015805555555555555
0 0.8611171875 0.5167222222222223 0.010187499999999999 0.010291666666666668
0 0.9785 0.538625 0.007773437499999999 0.011805555555555555
0 0.043734375 0.5048611111111111 0.013203125 0.018152777777777778
0 0.46438281249999996 0.5275416666666667 0.015484375 0.013138888888888891
0 0.017335937500000002 0.47927777777777775 0.010734375 0.024875
0 0.35548437499999996 0.5497638888888888 0.014343749999999999 0.011583333333333333
0 0.38470312500000003 0.5409166666666666 0.0044843750000000005 0.007666666666666666
0 0.9319843750000001 0.5390416666666666 0.010296875 0.010791666666666666