1 0.5 0.41041666666666665 1 0.8208472222222222
0 0.0174140625 0.5198611111111111 0.0348203125 0.13568055555555555
0 0.40418750000000003 0.6519583333333334 0.102578125 0.10958333333333334
0 0.46344531250000004 0.3956944444444444 0.093859375 0.16179166666666667
0 0.26425 0.6477638888888889 0.028046875 0.05268055555555556
0 0.11961718750000001 0.42323611111111115 0.015578125000000002 0.03923611111111111
0 0.171171875 0.4045972222222222 0.055296875 0.033666666666666664
0 0.28790625 0.4129166666666667 0.021796875 0.027430555555555555
0 0.362453125 0.4406805555555556 0.019109375 0.043277777777777776
0 0.5886640625 0.6676111111111112 0.0139375 0.020930555555555556
0 0.869890625 0.6616527777777778 0.018351562499999998 0.024902777777777777
0 0.549609375 0.21655555555555553 0.0186484375 0.04466666666666666