1 0.5 0.5 1 1
0 0.1795625 0.5094583333333333 0.053023437500000006 0.04108333333333333
0 0.3086328125 0.51525 0.0656015625 0.1447638888888889
0 0.4798984375 0.5637916666666667 0.1326640625 0.20083333333333334
0 0.7638125 0.5440972222222222 0.058914062499999996 0.08588888888888889
0 0.6344375 0.7323472222222221 0.0443984375 0.05979166666666666
0 0.7473203125000001 0.7270833333333333 0.0206328125 0.03919444444444444
0 0.9046953125 0.6770694444444445 0.026734374999999998 0.04719444444444444
0 0.928171875 0.6925833333333333 0.0096875 0.014847222222222222
0 0.7730390625 0.6433611111111112 0.0129453125 0.014347222222222223
0 0.8389765625000001 0.8564999999999999 0.161828125 0.12519444444444444
0 0.695265625 0.6487638888888889 0.015359375 0.020833333333333332