1 0.35625 0.1597222222222222 0.7125 0.3194444444444444
0 0.6356875 0.5342777777777777 0.0241953125 0.04968055555555556
0 0.5017890625 0.39894444444444443 0.0475546875 0.041527777777777775
0 0.5933437500000001 0.427125 0.0446328125 0.06673611111111111
0 0.6415234375 0.43825000000000003 0.0575625 0.06525
0 0.6988749999999999 0.4185972222222222 0.0337890625 0.042263888888888886
0 0.699296875 0.4682777777777778 0.017937500000000002 0.03040277777777778
0 0.7616562499999999 0.08676388888888889 0.0191875 0.05043055555555556
0 0.2984453125 0.3540833333333333 0.027945312500000003 0.04819444444444445
0 0.3001171875 0.2836388888888889 0.024609375 0.04819444444444445
0 0.3201328125 0.1635138888888889 0.1622578125 0.2943888888888889
0 0.2329609375 0.28661111111111115 0.02878125 0.04375
0 0.199796875 0.30143055555555553 0.029195312499999997 0.03040277777777778
0 0.176234375 0.2402638888888889 0.02878125 0.0875
0 0.0072968749999999995 0.17945833333333333 0.014601562500000002 0.03559722222222222
0 0.04609375 0.14570833333333333 0.053804687500000004 0.11790277777777777
0 0.06674218750000001 0.21244444444444446 0.0133515625 0.020027777777777776
0 0.1263828125 0.21133333333333332 0.015015625 0.01927777777777778
0 0.280953125 0.3158611111111111 0.034890624999999995 0.02423611111111111