1 0.5 0.42959722222222224 1 0.8591944444444445
0 0.0064765625 0.8314722222222222 0.012953125 0.026444444444444444
0 0.0854375 0.7794305555555556 0.0275546875 0.03206944444444444
0 0.103265625 0.7317777777777777 0.0182421875 0.02888888888888889
0 0.14478125 0.8037361111111112 0.0128046875 0.02423611111111111
0 0.1418828125 0.7689027777777778 0.012015625 0.018361111111111113
0 0.187546875 0.7352916666666667 0.007781250000000001 0.014499999999999999
0 0.18746875000000002 0.7515555555555555 0.012992187499999999 0.015333333333333332
0 0.202796875 0.7553611111111111 0.0096875 0.013055555555555556
0 0.21370312500000002 0.7781944444444444 0.0192578125 0.01551388888888889
0 0.21789843750000001 0.7223611111111111 0.027078124999999998 0.052958333333333336
0 0.225109375 0.7572777777777778 0.00809375 0.011930555555555555
0 0.2818984375 0.6797916666666667 0.023125 0.030180555555555558
0 0.0479453125 0.6883611111111111 0.00953125 0.015652777777777776
0 0.0321171875 0.6231111111111111 0.0173984375 0.044486111111111115
0 0.0619453125 0.5470833333333333 0.0397578125 0.040902777777777774
0 0.0894453125 0.5777638888888889 0.0490546875 0.04836111111111111
0 0.1760390625 0.4673611111111111 0.081875 0.07070833333333333
0 0.1152421875 0.45105555555555554 0.0106171875 0.01934722222222222
0 0.339609375 0.7105 0.0080390625 0.022319444444444444
0 0.3578515625 0.7071666666666667 0.015953125000000002 0.015277777777777777
0 0.3661875 0.6566805555555556 0.00853125 0.011305555555555557
0 0.40102343749999997 0.6739861111111111 0.065359375 0.06830555555555555
0 0.31078125 0.6733888888888888 0.0063984375 0.013305555555555555
0 0.4802578125 0.4448333333333333 0.10892187499999999 0.14125000000000001
0 0.4828359375 0.29356944444444444 0.021812500000000002 0.016958333333333336
0 0.5109609374999999 0.29844444444444446 0.023984375 0.021930555555555554
0 0.5866171875 0.3035277777777778 0.0537734375 0.06781944444444445
0 0.665875 0.2933888888888889 0.011164062499999999 0.028791666666666667
0 0.7132109375 0.3022638888888889 0.0764296875 0.08297222222222222
0 0.9899531250000001 0.4211944444444444 0.02009375 0.057444444444444444
0 0.073328125 0.6587222222222222 0.0063125 0.011333333333333334