1 0.328515625 0.18888888888888888 0.65703125 0.37777777777777777
0 0.766796875 0.07222222222222222 0.06171875 0.11388888888888889
0 0.304296875 0.19444444444444445 0.11328125 0.3861111111111111
0 0.386328125 0.2972222222222222 0.03359375 0.06111111111111111
0 0.22578125 0.27569444444444446 0.015625 0.04027777777777778
0 0.17390624999999998 0.23926388888888891 0.03325 0.09006944444444444
0 0.1968671875 0.3096388888888889 0.0295546875 0.026277777777777782
0 0.0340390625 0.16279166666666667 0.0680859375 0.10602777777777778
0 0.5937578125 0.4696111111111111 0.254390625 0.21486111111111109
0 0.7323046875 0.4968194444444444 0.008968750000000001 0.014069444444444445
0 0.9115390624999999 0.773013888888889 0.0165546875 0.026666666666666665