1 0.5 0.4537361111111111 1 0.9074722222222222
0 0.0194453125 0.8516388888888888 0.038265625 0.09793055555555556
0 0.0062265624999999995 0.7618611111111111 0.0124453125 0.012805555555555556
0 0.10078125 0.8427916666666666 0.0202578125 0.029513888888888888
0 0.1115078125 0.801875 0.0129375 0.03823611111111111
0 0.1722734375 0.8279444444444445 0.0951328125 0.10236111111111111
0 0.0944453125 0.6611805555555555 0.056796875000000004 0.06870833333333333
0 0.17667968750000002 0.5846388888888889 0.061234374999999994 0.059208333333333335
0 0.26434375 0.7663194444444444 0.020859375 0.030180555555555558
0 0.3579453125 0.7641527777777779 0.047203125 0.043013888888888886
0 0.32804687499999996 0.7173472222222222 0.0070234375 0.014833333333333334
0 0.3320859375 0.7294583333333334 0.0044218750000000005 0.007472222222222222
0 0.47352343750000003 0.6209027777777778 0.0090703125 0.013013888888888887
0 0.543140625 0.6107361111111111 0.0139375 0.03075
0 0.6257890625 0.5495 0.012210937500000001 0.013930555555555555
0 0.6412734375 0.467875 0.020203125 0.036166666666666666
0 0.5985234375 0.4457083333333334 0.0224453125 0.033791666666666664
0 0.5100546875 0.4584722222222223 0.05965625 0.054875
0 0.5203828125000001 0.5389722222222222 0.0058984375 0.017625
0 0.43039062499999997 0.43894444444444447 0.06434375 0.05301388888888889
0 0.0458046875 0.6808333333333333 0.0321015625 0.027222222222222224
0 0.0628203125 0.726013888888889 0.0341171875 0.052569444444444446
0 0.033960937499999996 0.6179722222222223 0.011453125 0.012597222222222223