0 0.1057421875 0.3648194444444445 0.01828125 0.015319444444444443
0 0.0033203125 0.3224583333333333 0.0053359375 0.013208333333333332
0 0.009156250000000001 0.3459027777777778 0.00715625 0.010097222222222221
0 0.54521875 0.3240138888888889 0.007054687499999999 0.02626388888888889
0 0.048335937499999995 0.9613750000000001 0.0943515625 0.06736111111111111
0 0.0496953125 0.6073055555555555 0.0770078125 0.06048611111111111
0 0.053453125000000004 0.5624444444444444 0.031875 0.018305555555555554
0 0.17265625 0.5649583333333333 0.0170546875 0.01886111111111111
0 0.8483046875 0.42122222222222216 0.015484375 0.026041666666666668
0 0.39803125 0.6420555555555555 0.7960703125 0.30265277777777777
0 0.8637734375000001 0.568625 0.11964062499999999 0.08180555555555555
0 0.8907187499999999 0.5078611111111111 0.0098515625 0.03797222222222222
0 0.8089375000000001 0.4857916666666666 0.008453125 0.011
0 0.8316171875 0.4619861111111111 0.0313203125 0.049624999999999996
0 0.867328125 0.4370555555555556 0.0053828125 0.011125
0 0.6916562500000001 0.4405833333333334 0.0236171875 0.04545833333333333