1 0.5 0.3125 1 0.625
0 0.294375 0.4844305555555556 0.0157890625 0.017638888888888888
0 0.31284375 0.4764583333333334 0.012523437500000002 0.028125
0 0.3433359375 0.47558333333333336 0.033953125 0.03809722222222222
0 0.39904687499999997 0.5350694444444445 0.0181328125 0.030472222222222223
0 0.403828125 0.4890555555555556 0.0158203125 0.02402777777777778
0 0.45014062499999996 0.4407083333333333 0.033953125 0.06915277777777777
0 0.4001953125 0.3818055555555555 0.027687499999999997 0.05919444444444444
0 0.48178906250000003 0.5010694444444445 0.028023437499999998 0.03751388888888889
0 0.5286015625 0.5001944444444444 0.027359375000000002 0.04747222222222222
0 0.5605781249999999 0.5201250000000001 0.02340625 0.03340277777777778
0 0.6334296875 0.5749166666666666 0.10515624999999999 0.07384722222222223
0 0.7427109375 0.5503055555555556 0.07846093750000001 0.0937638888888889
0 0.6793750000000001 0.3360694444444444 0.0481640625 0.057305555555555554
0 0.7804375 0.3438333333333333 0.037921875 0.04854166666666667
0 0.8164609374999999 0.24606944444444442 0.0121328125 0.024263888888888887
0 0.6304531250000001 0.3077638888888889 0.0428515625 0.07079166666666667
0 0.6171796875 0.19516666666666668 0.024648437500000002 0.028986111111111112
0 0.3958671875 0.44837499999999997 0.009640625 0.017819444444444443