1 0.4796875 0.28541666666666665 0.959375 0.5708333333333333
0 0.728890625 0.6003472222222223 0.0100546875 0.0195
0 0.7096484375000001 0.6285138888888888 0.01884375 0.02436111111111111
0 0.7290234375 0.6351805555555555 0.018203125 0.033875
0 0.7457265625 0.6391666666666667 0.009210937499999999 0.017513888888888888
0 0.32394531249999997 0.4840555555555555 0.0646640625 0.03944444444444444
0 0.38068749999999996 0.4722222222222222 0.02853125 0.06086111111111111
0 0.450796875 0.5217916666666667 0.0166171875 0.03811111111111111
0 0.46946093749999995 0.5509027777777777 0.013007812499999999 0.018416666666666668
0 0.48800781249999997 0.5419166666666667 0.0163828125 0.020125
0 0.5347421875 0.48409722222222223 0.062625 0.1520138888888889
0 0.581953125 0.4055277777777778 0.0183046875 0.023125
0 0.3470234375 0.4225555555555556 0.011765625 0.031097222222222224
0 0.76296875 0.44345833333333334 0.008140625 0.016083333333333335