1 0.5 0.2770972222222222 1 0.5539861111111111
0 0.01875 0.48977777777777776 0.023921875000000002 0.042777777777777776
0 0.0757890625 0.5045833333333334 0.0131953125 0.03333333333333333
0 0.139046875 0.5274583333333334 0.047515625 0.03915277777777778
0 0.308109375 0.5390277777777778 0.077734375 0.03825
0 0.4656953125 0.5200138888888889 0.1322109375 0.041430555555555554
0 0.584 0.5099861111111111 0.0556015625 0.04495833333333333
0 0.701546875 0.5480138888888889 0.029476562499999998 0.05188888888888889
0 0.8704062499999999 0.5411527777777778 0.0162265625 0.02791666666666667
0 0.9796796875 0.5407638888888889 0.008843750000000001 0.0067777777777777775
0 0.0430859375 0.5060277777777777 0.0203828125 0.020305555555555556
0 0.355078125 0.5463888888888888 0.0108515625 0.020097222222222225
0 0.23165624999999998 0.5394305555555555 0.036890624999999996 0.027805555555555556
0 0.8473359374999999 0.5406805555555556 0.018226562499999998 0.025708333333333337
0 0.8603671875 0.5162222222222222 0.00696875 0.010791666666666666
0 0.099890625 0.5141388888888889 0.0143671875 0.021847222222222223
0 0.9094921875 0.5411111111111111 0.0064218750000000005 0.006541666666666667
0 0.6376484375 0.52275 0.0258125 0.02448611111111111
0 0.6324609375 0.49837499999999996 0.009828125 0.018069444444444444
0 0.3666015625 0.5415277777777777 0.009359375 0.018305555555555554