1 0.471484375 0.23125 0.66328125 0.4625
0 0.55678125 0.5095694444444444 0.023734375 0.02402777777777778
0 0.6774375 0.46561111111111114 0.0283515625 0.04629166666666666
0 0.5259609375000001 0.41931944444444447 0.0425234375 0.034583333333333334
0 0.5503515625000001 0.44305555555555554 0.0088984375 0.021097222222222222
0 0.560078125 0.4465694444444444 0.0085703125 0.014069444444444445
0 0.5656875 0.47294444444444445 0.0052734375 0.009375
0 0.57475 0.4535972222222222 0.006921874999999999 0.010555555555555556
0 0.5994765625 0.4225416666666667 0.03790625 0.029305555555555557
0 0.5848046874999999 0.37390277777777775 0.0323046875 0.04570833333333333
0 0.6983671874999999 0.24204166666666668 0.0121953125 0.010555555555555556
0 0.582828125 0.3103194444444445 0.030984374999999998 0.07443055555555556
0 0.5193671875 0.3217361111111111 0.013515625 0.01640277777777778
0 0.4270625 0.3065 0.05109375000000001 0.02344444444444444
0 0.4604453125 0.3184166666666667 0.008968750000000001 0.008791666666666666
0 0.45715625 0.301 0.007140625 0.00911111111111111
0 0.46740624999999997 0.3018194444444445 0.010070312500000001 0.012041666666666666
0 0.4868984375 0.26895833333333335 0.053445312499999995 0.06605555555555556
0 0.291859375 0.04648611111111111 0.0073437500000000005 0.010444444444444444
0 0.3586796875 0.25452777777777774 0.0049375 0.006583333333333333
0 0.3653828125 0.24872222222222223 0.0052890624999999995 0.006277777777777777