1 0.415234375 0.24197222222222223 0.83046875 0.48394444444444445
0 0.256171875 0.5963194444444445 0.0433828125 0.08372222222222223
0 0.529765625 0.369125 0.122890625 0.20445833333333335
0 0.6709609375000001 0.4593888888888889 0.03584375 0.043416666666666666
0 0.33899218750000004 0.5752361111111112 0.0276796875 0.06443055555555556
0 0.479515625 0.6337777777777778 0.015562500000000002 0.018041666666666668
0 0.41515625 0.6363194444444444 0.088078125 0.06798611111111111
0 0.7152109375 0.4011388888888889 0.0254453125 0.11502777777777777
0 0.6513125 0.39002777777777775 0.027796875 0.06030555555555556
0 0.89421875 0.4792638888888889 0.013718749999999998 0.014499999999999999
0 0.30936718750000003 0.6068472222222222 0.014960937499999999 0.021125
0 0.487234375 0.18737499999999999 0.034648437500000004 0.06072222222222222
0 0.523828125 0.15658333333333332 0.0395234375 0.059861111111111115