1 0.5 0.4553888888888889 1 0.9107777777777778
0 0.034125 0.8489305555555556 0.0682578125 0.11054166666666668
0 0.18367968750000002 0.8265833333333333 0.13246093750000001 0.10391666666666666
0 0.123 0.6664027777777778 0.0532890625 0.06247222222222222
0 0.20220312499999998 0.582125 0.07325000000000001 0.06820833333333333
0 0.372734375 0.7650555555555556 0.06875 0.05504166666666667
0 0.5670546875 0.6056944444444444 0.0139375 0.03075
0 0.669875 0.47169444444444447 0.01590625 0.028680555555555553
0 0.62409375 0.44593055555555555 0.016398437499999998 0.03130555555555555
0 0.5534609374999999 0.4862083333333333 0.039421875 0.1270138888888889
0 0.47925000000000006 0.4527083333333333 0.0223671875 0.026069444444444444
0 0.4473671875 0.42808333333333337 0.035234375 0.06379166666666666
0 0.2934453125 0.7617916666666666 0.01575 0.02701388888888889
0 0.4999140625 0.6218333333333333 0.007124999999999999 0.010722222222222222
0 0.6516875 0.5494305555555555 0.0110078125 0.015208333333333332
0 0.55878125 0.6681527777777778 0.0201953125 0.015236111111111112
0 0.1431875 0.7617222222222223 0.009375 0.014180555555555557
0 0.0928203125 0.7687222222222222 0.015320312499999999 0.012194444444444444
0 0.0641953125 0.6198333333333333 0.0096328125 0.013180555555555556
0 0.08178125 0.7082777777777778 0.048859375 0.08016666666666666