1 0.3921875 0.34444444444444444 0.784375 0.6888888888888889
0 0.757140625 0.7045416666666666 0.096625 0.08684722222222223
0 0.8225625000000001 0.7590555555555555 0.01140625 0.020916666666666667
0 0.6211171875 0.3968055555555555 0.0406484375 0.07479166666666667
0 0.5729765625 0.53625 0.0741640625 0.11409722222222222
0 0.5013124999999999 0.5245277777777778 0.059187500000000004 0.07036111111111111
0 0.43784375000000003 0.4877638888888889 0.065609375 0.107125
0 0.43713281249999997 0.40694444444444444 0.031375 0.03676388888888889
0 0.385609375 0.5128055555555556 0.0402890625 0.06212499999999999
0 0.2978984375 0.46399999999999997 0.0303046875 0.025361111111111112
0 0.32553125 0.4285 0.016398437499999998 0.01648611111111111
0 0.3417578125 0.46304166666666663 0.055265625 0.04247222222222222