1 0.5 0.5 1 1
0 0.1840625 0.49506944444444445 0.051226562499999996 0.05280555555555556
0 0.3083359375 0.5109861111111111 0.071 0.17248611111111112
0 0.49128906250000004 0.5883055555555555 0.1326640625 0.16245833333333334
0 0.765609375 0.5440972222222222 0.0553203125 0.08588888888888889
0 0.633625 0.7121805555555555 0.0241484375 0.14045833333333332
0 0.9046953125 0.6770694444444445 0.026734374999999998 0.04719444444444444
0 0.928171875 0.6925833333333333 0.0096875 0.014847222222222222
0 0.7730390625 0.6433611111111112 0.0129453125 0.014347222222222223
0 0.847078125 0.8003194444444445 0.17478906249999998 0.24618055555555557
0 0.6696484375 0.6249861111111111 0.015359375 0.020833333333333332
0 0.34271875 0.9206111111111112 0.0376953125 0.10259722222222223
0 0.2834140625 0.3740277777777778 0.018562500000000003 0.024722222222222222
0 0.87053125 0.6213888888888889 0.030171874999999997 0.060000000000000005
0 0.69503125 0.6466111111111111 0.013609375000000002 0.022875