1 0.5 0.5 1 1
0 0.3441640625 0.9405416666666667 0.0406171875 0.0545
0 0.3000703125 0.38311111111111107 0.02403125 0.05279166666666667
0 0.18228125 0.4992916666666667 0.050796875 0.05552777777777777
0 0.29889062499999997 0.5013472222222223 0.093328125 0.17868055555555556
0 0.4808671875 0.5728194444444444 0.1431953125 0.1882083333333333
0 0.761046875 0.5483611111111111 0.0485546875 0.07633333333333334
0 0.7683671875 0.6680138888888889 0.04415625 0.11326388888888889
0 0.69853125 0.646986111111111 0.009218750000000001 0.027041666666666665
0 0.6698359375 0.6228194444444445 0.0170625 0.021861111111111112
0 0.6280390625 0.7024861111111111 0.0312890625 0.03858333333333334
0 0.895484375 0.8894722222222222 0.074625 0.06956944444444445
0 0.8037578125 0.8392499999999999 0.0938671875 0.10486111111111111
0 0.6333125 0.45629166666666665 0.012 0.027263888888888886
0 0.7723515625 0.7490277777777777 0.0227109375 0.059875
0 0.8858984375000001 0.632736111111111 0.0241484375 0.07684722222222222
0 0.9067421875000001 0.6917777777777777 0.0101796875 0.013972222222222223
0 0.6296796875 0.7609305555555556 0.032671875 0.060361111111111115