1 0.5 0.266375 1 0.5327361111111111
0 0.007539062500000001 0.5334166666666667 0.015085937499999999 0.022930555555555558
0 0.028578125 0.5324305555555556 0.0175625 0.026430555555555558
0 0.010328125 0.47277777777777774 0.013804687500000001 0.022305555555555554
0 0.147828125 0.5082083333333334 0.1077890625 0.09315277777777776
0 0.24939062500000003 0.5288472222222222 0.0503515625 0.08081944444444444
0 0.48089062499999996 0.46052777777777776 0.40475781250000004 0.3337916666666667
0 0.704296875 0.682625 0.050124999999999996 0.06947222222222223
0 0.7628046875 0.5669444444444445 0.153734375 0.19769444444444445
0 0.9230546875 0.5256388888888889 0.05940625000000001 0.07566666666666666
0 0.0521875 0.45037499999999997 0.025359375 0.019736111111111114