1 0.5004296874999999 0.5047083333333333 0.4651015625 0.9905833333333334
0 0.3842890625 0.8347916666666666 0.0633046875 0.148625
0 0.6330312499999999 0.861875 0.20140625 0.27158333333333334
0 0.42620312499999996 0.9800694444444444 0.044796875 0.039875
0 0.4023203125 0.5972777777777778 0.06159375 0.03236111111111111
0 0.498234375 0.5916111111111111 0.061226562500000005 0.03704166666666667
0 0.5445 0.3591111111111111 0.0231328125 0.02315277777777778
0 0.5536953125 0.4706527777777778 0.027265624999999998 0.015347222222222224
0 0.7229453125 0.46481944444444445 0.0181796875 0.01636111111111111
0 0.718578125 0.6113194444444444 0.025968750000000002 0.03776388888888889
0 0.7147812499999999 0.34368055555555554 0.010109375 0.012291666666666666
0 0.7235546875 0.42769444444444443 0.0178984375 0.036194444444444446
0 0.5524765625 0.6092361111111111 0.0128125 0.013569444444444443
0 0.550265625 0.6745555555555556 0.0181640625 0.01476388888888889
0 0.5354062500000001 0.4897916666666666 0.0107578125 0.00963888888888889
0 0.5448828125 0.5165138888888888 0.0082578125 0.009333333333333332
0 0.273890625 0.9832638888888889 0.0133515625 0.029611111111111112
0 0.3020234375 0.9884583333333334 0.014851562500000002 0.02175
0 0.3675234375 0.947375 0.0157890625 0.017680555555555557
0 0.360390625 0.9230972222222222 0.010078125 0.016777777777777777
0 0.38278124999999996 0.9230972222222222 0.022351562499999998 0.026916666666666665
0 0.3920546875 0.9585972222222223 0.009515625 0.016791666666666667
0 0.4721796875 0.9348888888888889 0.01971875 0.016027777777777776
0 0.403421875 0.6940277777777778 0.0388515625 0.04705555555555556
0 0.29209375 0.7534722222222222 0.0500859375 0.13043055555555555