1 0.5 0.1909722222222222 1 0.3819444444444444
0 0.3142890625 0.4754583333333333 0.0137890625 0.02706944444444444
0 0.3450390625 0.4696666666666667 0.0361953125 0.042694444444444445
0 0.40021874999999996 0.5319166666666667 0.02 0.035305555555555555
0 0.403140625 0.38441666666666663 0.0194375 0.0525
0 0.451484375 0.442125 0.030906250000000003 0.05997222222222222
0 0.4836171875 0.4989305555555556 0.027078124999999998 0.043888888888888894
0 0.5294453125 0.5003472222222223 0.064453125 0.05401388888888889
0 0.6355625 0.5800972222222223 0.102671875 0.05438888888888888
0 0.8165703125 0.24791666666666667 0.0202421875 0.024444444444444446
0 0.651625 0.3196527777777778 0.089640625 0.09497222222222222
0 0.616765625 0.19544444444444445 0.0236953125 0.028597222222222222
0 0.4041796875 0.4913194444444444 0.0126015625 0.02436111111111111
0 0.744234375 0.5457083333333334 0.0854609375 0.11288888888888889
0 0.29496875 0.4819166666666667 0.014945312499999999 0.0125
0 0.6415078125 0.18637499999999999 0.008203125 0.01615277777777778
0 0.6614375 0.2599722222222222 0.01171875 0.017708333333333333