1 0.5 0.4409722222222222 1 0.8819444444444444
0 0.2892734375 0.18829166666666666 0.1798828125 0.23830555555555558
0 0.37017968749999997 0.04609722222222222 0.039054687500000004 0.07161111111111111
0 0.47540625 0.2574444444444445 0.056257812500000004 0.08766666666666666
0 0.7498203125 0.18297222222222223 0.0190078125 0.034152777777777775
0 0.71978125 0.21291666666666667 0.013171875 0.024375
0 0.6603203125 0.16393055555555555 0.0241484375 0.03708333333333333
0 0.5371875 0.35715277777777776 0.027445312500000003 0.020763888888888887
0 0.545890625 0.32543055555555556 0.0301875 0.028305555555555553
0 0.6238203125 0.3630138888888889 0.118015625 0.11237499999999999
0 0.7714765625 0.5401111111111111 0.046656249999999996 0.05952777777777778
0 0.9868828125 0.713013888888889 0.026242187500000003 0.043875
0 0.984171875 0.768888888888889 0.0200546875 0.03359722222222222
0 0.9450312500000001 0.7569027777777778 0.0212109375 0.04936111111111111
0 0.894890625 0.653375 0.026609375 0.04936111111111111
0 0.9143671875000001 0.7454444444444445 0.0154296875 0.021541666666666667
0 0.8304921875 0.6458333333333334 0.1276484375 0.1398611111111111
0 0.9929375 0.834375 0.013382812499999999 0.026055555555555557
0 0.9336171875 0.6851944444444444 0.019234375 0.021152777777777777
0 0.7714531250000001 0.18909722222222222 0.0187734375 0.028180555555555556
0 0.577703125 0.24100000000000002 0.00834375 0.017791666666666667
0 0.43402343749999994 0.23131944444444447 0.017 0.023972222222222225