1 0.373046875 0.43819444444444444 0.74609375 0.8763888888888889
0 0.2685078125 0.9341250000000001 0.032 0.07645833333333332
0 0.33440625 0.8846666666666667 0.0669765625 0.06737499999999999
0 0.3801953125 0.8799166666666666 0.0161875 0.024861111111111108
0 0.4200390625 0.8701527777777778 0.0368828125 0.05166666666666667
0 0.5521328125 0.5749166666666666 0.22625781250000002 0.6146805555555556
0 0.5594453125000001 0.23487500000000003 0.01065625 0.03031944444444444
0 0.550546875 0.1934861111111111 0.010046875 0.01163888888888889
0 0.52653125 0.196375 0.0173828125 0.04475
0 0.508390625 0.36948611111111107 0.0101484375 0.015805555555555555
0 0.2631640625 0.44962500000000005 0.008453125 0.013180555555555556