1 0.5 0.45047222222222216 0.9999921875 0.9009444444444443
0 0.148875 0.5098472222222222 0.0828984375 0.06540277777777778
0 0.0388984375 0.6035555555555555 0.061 0.07354166666666667
0 0.3391640625 0.7353472222222223 0.0841015625 0.06833333333333334
0 0.14656249999999998 0.8001111111111112 0.025500000000000002 0.03572222222222222
0 0.0599921875 0.8264027777777778 0.032632812500000004 0.034749999999999996
0 0.654578125 0.5125555555555555 0.0580078125 0.05595833333333333
0 0.5353671875 0.31327777777777777 0.0769921875 0.16675
0 0.49625 0.566625 0.0077421875 0.011152777777777777
0 0.6675 0.3532638888888889 0.011671875 0.02719444444444444
0 0.179171875 0.7939583333333333 0.033296875 0.08566666666666667
0 0.065046875 0.7656666666666666 0.009765625 0.020638888888888887
0 0.2566484375 0.6953194444444445 0.023679687499999998 0.09202777777777779
0 0.607046875 0.31190277777777775 0.011046875000000001 0.015472222222222222
0 0.7220859374999999 0.4000555555555556 0.00821875 0.011097222222222222
0 0.10797656250000001 0.745 0.0302734375 0.025944444444444444
0 0.1103203125 0.8178194444444445 0.02559375 0.017208333333333332
0 0.128546875 0.7969166666666666 0.008843750000000001 0.014944444444444444
0 0.2696484375 0.7731527777777777 0.011226562499999999 0.027722222222222224
0 0.041125 0.7435 0.010265625 0.014291666666666666
0 0.080625 0.7360138888888889 0.0118515625 0.014486111111111111
0 0.0136015625 0.7297916666666667 0.0237109375 0.017833333333333333
0 0.0094375 0.6645 0.018882812500000002 0.02740277777777778