1 0.5 0.22708333333333333 1 0.45416666666666666
0 0.362921875 0.6043333333333334 0.0276796875 0.03252777777777778
0 0.4180546875 0.5259166666666667 0.018765625 0.022527777777777775
0 0.43353906249999996 0.5964027777777778 0.078828125 0.06172222222222222
0 0.46145312499999996 0.5209166666666667 0.019234375 0.03252777777777778
0 0.5140078124999999 0.5705416666666667 0.0351875 0.06172222222222222
0 0.59071875 0.6285138888888888 0.09853125 0.06422222222222222
0 0.6648515625 0.19018055555555557 0.03378125 0.038375
0 0.7016875 0.15890277777777778 0.0370703125 0.05422222222222222
0 0.682453125 0.30445833333333333 0.0764765625 0.08675000000000001
0 0.7244453125 0.42165277777777777 0.0938359375 0.10759722222222222
0 0.6580546875 0.3703472222222222 0.015484375 0.035027777777777776
0 0.8945234375 0.3653472222222222 0.028625 0.050041666666666665
0 0.8921796875 0.4254027777777778 0.014546875 0.030027777777777778
0 0.8454921875 0.45334722222222223 0.0412890625 0.045875
0 0.8759921875 0.47420833333333334 0.013140625 0.017513888888888888
0 0.8290703125000001 0.3703472222222222 0.015015625 0.026694444444444444
0 0.8354062499999999 0.4066388888888888 0.013609375000000002 0.01584722222222222