1 0.429296875 0.3423611111111111 0.85859375 0.6847222222222222
0 0.2281328125 0.27169444444444446 0.0695625 0.048916666666666664
0 0.2390546875 0.34291666666666665 0.0183984375 0.021583333333333333
0 0.2741015625 0.341625 0.010624999999999999 0.016458333333333332
0 0.29295312500000004 0.3505833333333333 0.012687499999999999 0.018027777777777778
0 0.38122656250000003 0.37244444444444447 0.027914062499999996 0.023083333333333334
0 0.35319531249999997 0.3375277777777778 0.0092578125 0.014013888888888888
0 0.404515625 0.2552083333333333 0.0130859375 0.023500000000000004
0 0.39434375 0.5292222222222223 0.0165625 0.01975
0 0.4437734375 0.6278333333333334 0.047867187500000005 0.069375
0 0.38689062500000004 0.3151111111111111 0.0078828125 0.01584722222222222
0 0.517625 0.5313472222222222 0.062281249999999996 0.052458333333333336
0 0.5206953125 0.3870277777777778 0.0166875 0.027125000000000003
0 0.5044375 0.41925 0.010328125 0.017944444444444443
0 0.5075078125 0.4685694444444444 0.025007812499999997 0.03641666666666667
0 0.579015625 0.6058194444444445 0.0163515625 0.02408333333333333
0 0.7287421875 0.5319166666666667 0.02203125 0.08080555555555556
0 0.649046875 0.5127222222222223 0.08967968750000001 0.1890138888888889
0 0.8147421874999999 0.5275694444444444 0.017695312499999998 0.03288888888888889
0 0.8051875000000001 0.4774305555555556 0.01053125 0.012041666666666666
0 0.6873828125 0.26305555555555554 0.035875000000000004 0.06206944444444444
0 0.33153125 0.26131944444444444 0.0105078125 0.013
0 0.360375 0.30084722222222227 0.005859375 0.012041666666666666
0 0.168765625 0.270375 0.0064296875000000005 0.008708333333333334
0 0.40396093750000006 0.5069722222222222 0.0045703125 0.009472222222222222
0 0.41861718750000004 0.5167777777777778 0.00646875 0.010833333333333334
0 0.1774453125 0.2611527777777778 0.0062578124999999995 0.008430555555555556
0 0.3293984375 0.28241666666666665 0.0084296875 0.009847222222222222
0 0.336984375 0.30445833333333333 0.0048203125 0.010277777777777778
0 0.4925859375 0.3323055555555555 0.005296875 0.01113888888888889