1 0.5 0.4555833333333333 1 0.9111527777777777
0 0.019046874999999998 0.8505 0.038093749999999996 0.09981944444444445
0 0.0063437499999999996 0.7633333333333334 0.0126796875 0.016291666666666666
0 0.11066406250000001 0.8053611111111111 0.013125000000000001 0.041624999999999995
0 0.10215624999999999 0.8442361111111112 0.02003125 0.02736111111111111
0 0.17140625 0.830111111111111 0.09953125 0.10794444444444444
0 0.1782890625 0.5839583333333334 0.0658515625 0.0662361111111111
0 0.093828125 0.6666944444444444 0.057398437499999996 0.06326388888888888
0 0.34797656250000003 0.7678055555555556 0.0658046875 0.05390277777777778
0 0.264890625 0.7661944444444444 0.020578125 0.03869444444444444
0 0.5366875 0.6542083333333333 0.014218749999999999 0.03963888888888889
0 0.5433359375 0.6170277777777777 0.0100546875 0.02048611111111111
0 0.5478984375 0.6613472222222222 0.00490625 0.018333333333333333
0 0.5100234375 0.4593888888888889 0.059390624999999996 0.058708333333333335
0 0.41564843749999997 0.43409722222222225 0.09778125 0.07418055555555556
0 0.59940625 0.44731944444444444 0.0213828125 0.03572222222222222
0 0.6359843749999999 0.4723611111111111 0.01625 0.033513888888888885
0 0.6251171875 0.5492916666666667 0.0113828125 0.016194444444444445
0 0.0641015625 0.769861111111111 0.0160703125 0.017777777777777778
0 0.47253125 0.6198611111111111 0.009046875 0.015708333333333335
0 0.328765625 0.7216250000000001 0.012671874999999999 0.021222222222222222
0 0.661390625 0.5575972222222223 0.014960937499999999 0.03305555555555555