1 0.334375 0.16527777777777777 0.66875 0.33055555555555555
0 0.7670390625 0.7414444444444445 0.019 0.0285
0 0.49936718750000003 0.38659722222222226 0.071046875 0.08570833333333333
0 0.6214140625 0.43801388888888887 0.1720390625 0.11819444444444444
0 0.7779765624999999 0.059541666666666666 0.075109375 0.11908333333333333
0 0.279625 0.3459861111111111 0.054804687500000004 0.08751388888888889
0 0.3044921875 0.1601388888888889 0.1096171875 0.298625
0 0.22684375 0.26479166666666665 0.026390625 0.058638888888888886
0 0.19715625 0.3062916666666667 0.034 0.029777777777777778
0 0.1702578125 0.24043055555555556 0.03603125 0.08209722222222222
0 0.1190078125 0.20029166666666667 0.0238515625 0.043305555555555555
0 0.034 0.14705555555555555 0.068 0.13352777777777777