1 0.5 0.21919444444444444 1 0.438375
0 0.26672656250000004 0.5998333333333333 0.0982109375 0.06480555555555555
0 0.28718750000000004 0.523125 0.021578125 0.03306944444444444
0 0.3385234375 0.5737083333333334 0.031992187500000005 0.06018055555555556
0 0.401203125 0.6279444444444444 0.061382812499999995 0.06018055555555556
0 0.4505 0.6458055555555556 0.0186015625 0.03769444444444445
0 0.4783984375 0.6269444444444444 0.017859375 0.023805555555555555
0 0.6699765625 0.4602916666666667 0.037203125 0.041
0 0.6484062500000001 0.3872083333333334 0.0305078125 0.05620833333333333
0 0.71425 0.3706805555555555 0.031992187500000005 0.04563888888888889
0 0.712390625 0.4318611111111111 0.013390625 0.021166666666666667
0 0.6969531250000001 0.4682222222222222 0.013023437500000002 0.03175
0 0.51615625 0.3665555555555556 0.157359375 0.2152638888888889
0 0.483203125 0.16944444444444445 0.04453125 0.09444444444444444
0 0.52890625 0.1638888888888889 0.025 0.04722222222222222