1 0.5 0.5 1 1
0 0.5 0.6621250000000001 1 0.6757638888888889
0 0.9527421875 0.1797361111111111 0.022468750000000003 0.14723611111111112
0 0.05015625 0.4925694444444444 0.013710937500000001 0.057791666666666665
0 0.062289062500000006 0.4093611111111111 0.01190625 0.0889861111111111
0 0.04815625 0.6341527777777778 0.0963203125 0.11166666666666668
0 0.17838281250000002 0.6682083333333334 0.05015625 0.083875
0 0.264875 0.6729861111111112 0.0764296875 0.04559722222222222
0 0.359328125 0.6716805555555556 0.0455859375 0.05623611111111111
0 0.1730234375 0.42150000000000004 0.07975 0.05811111111111111
0 0.24465625000000002 0.540513888888889 0.0697421875 0.059569444444444446
0 0.3371640625 0.5415833333333333 0.0325703125 0.043583333333333335
0 0.3373828125 0.4878472222222222 0.125140625 0.03404166666666667
0 0.40416406250000003 0.67675 0.020624999999999998 0.031180555555555555
0 0.20744531249999998 0.9620138888888888 0.030843749999999996 0.053750000000000006
0 0.1301171875 0.9889722222222221 0.059421875 0.022069444444444444
0 0.068484375 0.7890416666666666 0.030906250000000003 0.04147222222222222
0 0.10896874999999999 0.8444305555555556 0.0348671875 0.08430555555555556