1 0.5 0.23194444444444445 1 0.4638888888888889
0 0.2707421875 0.5931944444444445 0.032984374999999996 0.05502777777777777
0 0.29188281250000003 0.5340277777777778 0.0228984375 0.037125
0 0.49595312500000005 0.29668055555555556 0.1995625 0.36675
0 0.6810546875 0.3962361111111111 0.1124375 0.17293055555555556
0 0.8990234375 0.46855555555555556 0.0212109375 0.03219444444444444
0 0.30886718750000003 0.6069305555555555 0.0173515625 0.03855555555555556
0 0.3494296875 0.5826388888888889 0.045546875 0.05475
0 0.40560156249999996 0.5826388888888889 0.012148437500000001 0.020819444444444446
0 0.3999609375 0.6142638888888888 0.01128125 0.02390277777777778
0 0.47284375 0.5838055555555555 0.0104140625 0.013875
0 0.4847734375 0.6242916666666667 0.038609375 0.048583333333333326