1 0.5 0.32695833333333335 1 0.6539166666666667
0 0.320890625 0.5407083333333333 0.2948515625 0.27405555555555555
0 0.0582265625 0.6583194444444445 0.11644531250000001 0.07576388888888888
0 0.958734375 0.4806388888888889 0.08252343749999999 0.09998611111111111
0 0.6825625 0.4925277777777778 0.0199453125 0.029569444444444443
0 0.6560625 0.49962500000000004 0.0180859375 0.031055555555555555
0 0.146390625 0.5666666666666667 0.0205703125 0.052111111111111115
0 0.5207499999999999 0.49899999999999994 0.0972890625 0.14344444444444446
0 0.8626484375000001 0.5095833333333333 0.0104296875 0.017972222222222223
0 0.5749453124999999 0.5139444444444444 0.0079609375 0.015555555555555555
0 0.7332109375 0.5023611111111111 0.069453125 0.07270833333333333