1 0.5000625000000001 0.49797222222222226 0.32009375 0.9959444444444445
0 0.46384375 0.025 0.0251796875 0.050013888888888886
0 0.46421875 0.12738888888888888 0.017640625 0.06713888888888889
0 0.4218125 0.43470833333333336 0.0090625 0.042555555555555555
0 0.435578125 0.487625 0.009921875 0.09044444444444445
0 0.4385625 0.606625 0.013382812499999999 0.011222222222222222
0 0.4377890625 0.62175 0.0087890625 0.011
0 0.5233046875 0.6222777777777778 0.04634375 0.03813888888888889
0 0.5314375 0.57725 0.0125546875 0.02284722222222222
0 0.4587734375 0.35083333333333333 0.0127109375 0.029152777777777774
0 0.4561484375 0.4579444444444445 0.0054531250000000005 0.12354166666666667
0 0.5830390624999999 0.33676388888888886 0.013640625 0.030680555555555555
0 0.59421875 0.25636111111111115 0.024656249999999998 0.04311111111111111
0 0.625921875 0.14525 0.0462578125 0.18563888888888888