1 0.42890625 0.34444444444444444 0.8578125 0.6888888888888889
0 0.6868828125 0.26705555555555555 0.041109375 0.054125
0 0.7219296875000001 0.5475972222222222 0.033687499999999995 0.06131944444444444
0 0.8141796875 0.5283472222222223 0.01925 0.03422222222222222
0 0.8039531249999999 0.48200000000000004 0.013234375000000001 0.012833333333333334
0 0.664578125 0.5490277777777778 0.0657734375 0.10552777777777779
0 0.442984375 0.6181805555555555 0.049328125 0.08555555555555555
0 0.3941796875 0.5300833333333334 0.01771875 0.020847222222222222
0 0.5180625 0.5303194444444445 0.0601796875 0.05465277777777778
0 0.5787656250000001 0.6000277777777777 0.0200625 0.036583333333333336
0 0.5045703125000001 0.46954166666666663 0.0331328125 0.03711111111111111
0 0.5045703125000001 0.4205833333333333 0.0107578125 0.011097222222222222
0 0.5211328125 0.3884444444444445 0.015062500000000001 0.024097222222222225
0 0.3798125 0.37345833333333334 0.02559375 0.022319444444444444
0 0.3862109375 0.31463888888888886 0.007000000000000001 0.01888888888888889
0 0.35433593750000003 0.33804166666666663 0.007000000000000001 0.010736111111111111
0 0.3291015625 0.26248611111111114 0.014484374999999999 0.015027777777777779
0 0.29325 0.3517777777777778 0.011828125 0.018458333333333334
0 0.27296875 0.34168055555555554 0.0123125 0.014597222222222222
0 0.24036718750000002 0.34061111111111114 0.0195546875 0.017597222222222222
0 0.2458046875 0.27215277777777774 0.0323515625 0.042069444444444444
0 0.20692968750000001 0.2631388888888889 0.013523437499999999 0.03863888888888889
0 0.2928828125 0.2669861111111111 0.024640625 0.01184722222222222
0 0.40478125 0.25745833333333334 0.012523437500000002 0.01938888888888889
0 0.3299453125 0.313125 0.0062578124999999995 0.017236111111111112
0 0.36075 0.3005555555555556 0.0064609375 0.012208333333333331
0 0.40457031250000003 0.5058888888888889 0.0043984375 0.009375
0 0.41834375 0.5165694444444444 0.0038125 0.008861111111111111
0 0.3979765625 0.37849999999999995 0.003515625 0.004694444444444445
0 0.41335937500000003 0.3774583333333333 0.0055703125 0.007819444444444445
0 0.4535078125 0.3865833333333333 0.0032265625 0.005208333333333333
0 0.46274218749999996 0.350375 0.0041015625 0.008861111111111111