1 0.5 0.45799999999999996 1 0.9159861111111111
0 0.0261171875 0.8525138888888888 0.0522421875 0.10113888888888888
0 0.0943515625 0.6515555555555556 0.032695312500000004 0.03038888888888889
0 0.11556249999999998 0.6865972222222223 0.03925 0.02809722222222222
0 0.186734375 0.5856111111111111 0.07062500000000001 0.06030555555555556
0 0.0696796875 0.7121805555555555 0.016546875 0.0225
0 0.05809375 0.6842222222222222 0.033453125 0.027819444444444445
0 0.1143984375 0.8448333333333333 0.0239375 0.028361111111111115
0 0.1294609375 0.8550972222222222 0.0098359375 0.01125
0 0.142359375 0.8740972222222223 0.00978125 0.013500000000000002
0 0.1498359375 0.8582916666666667 0.009804687500000001 0.018944444444444444
0 0.14360937499999998 0.8311944444444445 0.0086796875 0.022402777777777775
0 0.1231640625 0.80575 0.015390625 0.03256944444444444
0 0.21652343749999997 0.8478194444444443 0.0145078125 0.016652777777777777
0 0.21839843750000001 0.8008194444444445 0.033695312500000005 0.044916666666666674
0 0.27639843750000004 0.7627916666666668 0.012265624999999999 0.018277777777777778
0 0.3592578125 0.7675416666666667 0.06936718750000001 0.052763888888888895
0 0.5535625 0.6085416666666666 0.011539062499999999 0.03241666666666666
0 0.5495859375000001 0.6707777777777777 0.0094375 0.012125
0 0.636609375 0.55325 0.017125 0.029555555555555557
0 0.6541953125 0.4749861111111111 0.0327578125 0.0425
0 0.6089921875 0.4493888888888889 0.030015625 0.03233333333333333
0 0.5204296875 0.45959722222222227 0.0625546875 0.05590277777777778
0 0.4433515625 0.4293472222222222 0.06299218749999999 0.07011111111111111
0 0.5780078125 0.5359722222222222 0.005359375 0.010833333333333334