1 0.5 0.2756111111111111 1 0.5512083333333333
0 0.0125859375 0.5003611111111111 0.011664062499999999 0.017374999999999998
0 0.0820546875 0.514375 0.009609375 0.016125
0 0.1477421875 0.5312638888888889 0.0573125 0.042208333333333334
0 0.2374609375 0.5403055555555555 0.025820312499999998 0.027680555555555555
0 0.3086484375 0.5356527777777778 0.07421093749999999 0.04734722222222223
0 0.459671875 0.5183333333333333 0.1134765625 0.03881944444444444
0 0.5690078125 0.4942638888888889 0.08775 0.07120833333333333
0 0.7020390625 0.5480138888888889 0.0309375 0.049902777777777775
0 0.8569921875000001 0.5332361111111111 0.036640624999999996 0.04373611111111111
0 0.9789296875 0.5408194444444444 0.007773437499999999 0.007972222222222223
0 0.044640625 0.5068194444444445 0.014937500000000001 0.015611111111111112
0 0.007984375 0.475 0.0159609375 0.018277777777777778
0 0.396765625 0.529875 0.00990625 0.019972222222222225
0 0.095875 0.5201527777777778 0.00578125 0.008097222222222223
0 0.9116484375 0.540513888888889 0.007593750000000001 0.011875
0 0.358875 0.5466944444444445 0.018445312499999998 0.020708333333333332
0 0.267296875 0.5400138888888889 0.004125 0.010152777777777778
0 0.21764843749999999 0.5403888888888889 0.007953125 0.018125000000000002
0 0.00209375 0.5045138888888889 0.0041953125 0.008097222222222223