1 0.45843749999999994 0.48890277777777774 0.42609375 0.33520833333333333
0 0.5445781249999999 0.6349444444444445 0.0167890625 0.03802777777777778
0 0.618015625 0.528625 0.012773437500000002 0.024708333333333332
0 0.5266953125 0.5608888888888889 0.013398437499999999 0.012972222222222222
0 0.4826171875 0.5329305555555556 0.0172578125 0.018069444444444444
0 0.48403906250000006 0.5527916666666667 0.008375 0.0125
0 0.4976328125 0.5538888888888889 0.0109453125 0.0125
0 0.5296953125 0.6079861111111111 0.006984374999999999 0.01173611111111111
0 0.5640546875 0.5759444444444445 0.028945312499999997 0.07456944444444444
0 0.602546875 0.6194166666666667 0.04384375 0.029236111111111112
0 0.6480625 0.6022638888888889 0.0241484375 0.024916666666666667
0 0.5341640625 0.5264305555555555 0.0057109375 0.011166666666666665