1 0.44126562500000005 0.5 0.87990625 1
0 0.39178125 0.9626250000000001 0.0083515625 0.019666666666666666
0 0.50928125 0.8734305555555556 0.0347734375 0.09852777777777777
0 0.3636953125 0.7550416666666666 0.01978125 0.021805555555555554
0 0.38571093749999996 0.7201388888888889 0.011140625 0.023111111111111114
0 0.3305234375 0.8206666666666667 0.008749999999999999 0.018166666666666668
0 0.3086328125 0.8201527777777777 0.013023437500000002 0.014805555555555556
0 0.412171875 0.9478333333333334 0.01171875 0.01851388888888889
0 0.59059375 0.6952916666666666 0.035109375 0.06118055555555555
0 0.555375 0.5794166666666667 0.013382812499999999 0.02372222222222222
0 0.518953125 0.5971944444444445 0.009671875 0.021833333333333333
0 0.49652343749999994 0.5461944444444444 0.014195312500000001 0.02984722222222222
0 0.5488671875 0.5104861111111111 0.014859375 0.02984722222222222
0 0.28165625 0.5759583333333333 0.0091640625 0.012208333333333331
0 0.32603125 0.5248333333333334 0.02065625 0.021861111111111112
0 0.42798437500000003 0.46462499999999995 0.0413671875 0.03876388888888889
0 0.46986718749999995 0.48868055555555556 0.02271875 0.024458333333333332
0 0.5972890625 0.4926527777777778 0.0188515625 0.03941666666666666
0 0.46028906249999996 0.27161111111111114 0.0462734375 0.05383333333333333
0 0.498109375 0.19051388888888887 0.0072109375 0.021194444444444443
0 0.38635156249999997 0.2643888888888889 0.020734375 0.03290277777777778
0 0.435046875 0.16930555555555557 0.010421875 0.014152777777777776
0 0.30009375 0.23941666666666667 0.02496875 0.037861111111111116
0 0.356578125 0.22523611111111108 0.0173671875 0.01963888888888889
0 0.1275546875 0.3422222222222222 0.051007812500000006 0.119625
0 0.193703125 0.5185416666666667 0.046375 0.049944444444444444
0 0.040015625 0.6456388888888889 0.012843750000000001 0.03916666666666667
0 0.088765625 0.5600555555555555 0.014484374999999999 0.022930555555555558
0 0.06686718750000001 0.6827222222222222 0.0425859375 0.029638888888888888
0 0.113078125 0.6602222222222223 0.007929687500000001 0.035347222222222224
0 0.1046328125 0.5758333333333334 0.009140625 0.012930555555555556
0 0.31746093750000004 0.8461111111111111 0.0085234375 0.014777777777777779