1 0.539109375 0.25181944444444443 0.5256953125 0.5036388888888889
1 0.169140625 0.16701388888888888 0.33828125 0.33402777777777776
0 0.207484375 0.5019861111111111 0.0741640625 0.06856944444444445
0 0.26261718749999996 0.479875 0.006875000000000001 0.011555555555555557
0 0.0457109375 0.33529166666666665 0.0914140625 0.11737500000000001
0 0.3909765625 0.42518055555555556 0.005171875 0.009277777777777777
0 0.41039843749999994 0.3991666666666666 0.024484375 0.03434722222222222
0 0.4314296875 0.3584027777777778 0.012687499999999999 0.011416666666666667
0 0.45221875 0.34108333333333335 0.00721875 0.011208333333333334
0 0.4149375 0.3377777777777778 0.006929687499999999 0.010527777777777778
0 0.5135390625 0.27225 0.004210937499999999 0.0061666666666666675
0 0.31124999999999997 0.35045833333333337 0.12064062499999999 0.23265277777777776
0 0.2153671875 0.28329166666666666 0.0106796875 0.013097222222222222
0 0.252234375 0.48200000000000004 0.005124999999999999 0.008694444444444444
0 0.14937499999999998 0.3358333333333334 0.0038984375 0.006930555555555556
0 0.6094296875 0.39479166666666665 0.0043828125 0.007236111111111111