1 0.5 0.22808333333333333 1 0.45616666666666666
0 0.284921875 0.5980972222222222 0.061343749999999996 0.05402777777777778
0 0.2913984375 0.5233472222222222 0.013843749999999998 0.03026388888888889
0 0.5137343750000001 0.2972361111111111 0.1674609375 0.34956944444444443
0 0.6728046875 0.465 0.0355 0.03073611111111111
0 0.3403203125 0.5826388888888889 0.026687499999999996 0.051083333333333335
0 0.4803984375 0.6254305555555556 0.017234375 0.03305555555555555
0 0.4193828125 0.612125 0.0824453125 0.09468055555555556
0 0.7153203125 0.4059027777777778 0.0256640625 0.11116666666666668
0 0.6592578125 0.40534722222222225 0.013593749999999998 0.028194444444444446
0 0.89421875 0.4792638888888889 0.013718749999999998 0.014499999999999999