1 0.5 0.39791666666666664 1 0.7958333333333333
0 0.0142734375 0.10831944444444444 0.0285390625 0.05855555555555555
0 0.044734375 0.08880555555555555 0.0115234375 0.01951388888888889
0 0.0872734375 0.4698611111111111 0.0285390625 0.04001388888888889
0 0.1984296875 0.6562361111111111 0.152046875 0.2527361111111111
0 0.5283125 0.2868888888888889 0.0312890625 0.11709722222222223
0 0.34553124999999996 0.2576111111111111 0.012625 0.023416666666666665
0 0.33428125 0.3234861111111111 0.0318359375 0.08684722222222223
0 0.3065546875 0.4552222222222222 0.0192109375 0.024388888888888887
0 0.3290625 0.46155555555555555 0.009328125 0.017569444444444447
0 0.38093750000000004 0.4254583333333333 0.0153671875 0.042930555555555555
0 0.397125 0.438625 0.009328125 0.016583333333333332
0 0.3394921875 0.20101388888888888 0.021406249999999998 0.029277777777777774
0 0.2933828125 0.03854166666666667 0.03896875 0.028305555555555553
0 0.3872421875 0.04683333333333333 0.014820312499999998 0.03708333333333333
0 0.854078125 0.46058333333333334 0.046109375 0.1366111111111111
0 0.9029375 0.4732638888888889 0.038421875 0.017569444444444447
0 0.9624921875 0.44691666666666663 0.049953125 0.07026388888888889
0 0.388890625 0.4815694444444445 0.017015625 0.03611111111111111
0 0.48165625 0.6415972222222222 0.025796875000000004 0.045861111111111116
0 0.5908828125000001 0.5139444444444444 0.3628203125 0.2160138888888889
0 0.2589296875 0.17566666666666667 0.016125 0.019333333333333334
0 0.2733671875 0.15733333333333333 0.009 0.014666666666666668
0 0.36805468750000003 0.17933333333333334 0.018375 0.03733333333333333
0 0.38005468750000004 0.134 0.042375 0.050666666666666665
0 0.3725546875 0.286 0.008624999999999999 0.026666666666666665
0 0.7483906250000001 0.4029583333333333 0.0121875 0.02408333333333333
0 0.7578750000000001 0.4310972222222222 0.013218750000000001 0.014777777777777779