1 0.41333593750000003 0.31322222222222224 0.8266718750000001 0.6264444444444445
0 0.4865234375 0.5689444444444445 0.04390625 0.07606944444444445
0 0.44702343750000006 0.49686111111111114 0.01553125 0.015680555555555555
0 0.43559374999999995 0.37106944444444445 0.0221640625 0.027222222222222224
0 0.35247656250000003 0.3489583333333333 0.010734375 0.014069444444444445
0 0.3672265625 0.3561944444444444 0.0101640625 0.016416666666666666
0 0.325890625 0.34954166666666664 0.0169765625 0.015611111111111112
0 0.3252890625 0.29738888888888887 0.036375000000000005 0.03036111111111111
0 0.5489375 0.3908055555555556 0.01859375 0.05291666666666667
0 0.537765625 0.451 0.021796875 0.031055555555555555
0 0.5455234375 0.4966666666666667 0.052054687499999995 0.03894444444444444
0 0.6372109375 0.5287499999999999 0.09862499999999999 0.09104166666666666
0 0.6827109375 0.2935138888888889 0.026210937499999996 0.053875
0 0.45746093749999994 0.28104166666666663 0.010953125 0.01926388888888889
0 0.415484375 0.3460972222222222 0.0051953125 0.010138888888888888
0 0.7145625 0.4989722222222222 0.0129296875 0.021305555555555557
0 0.7811484375 0.5019722222222223 0.01665625 0.021208333333333333
0 0.4555703125 0.4790277777777777 0.0059921875 0.010277777777777778
0 0.46728125 0.4877916666666666 0.0059921875 0.010652777777777778
0 0.7349921875 0.515 0.010546875 0.02448611111111111
0 0.2965234375 0.29594444444444445 0.009578125 0.008319444444444445
0 0.3966328125 0.30943055555555554 0.009031250000000001 0.020999999999999998
0 0.395703125 0.3275416666666667 0.0071796874999999994 0.009472222222222222
0 0.40230468750000004 0.32137499999999997 0.0046328125 0.010291666666666668
0 0.44167968750000003 0.3287777777777778 0.0064843750000000006 0.012763888888888889