1 0.5 0.45047222222222216 0.9999921875 0.9009444444444443
0 0.08378125 0.46950000000000003 0.16298437500000001 0.1300277777777778
0 0.024796875 0.6041944444444444 0.046828125 0.07691666666666667
0 0.32487499999999997 0.727875 0.072125 0.07368055555555555
0 0.24377343749999997 0.7740694444444445 0.0189453125 0.03280555555555556
0 0.0993203125 0.7997777777777778 0.16221093749999999 0.09451388888888888
0 0.648953125 0.44931944444444444 0.10506249999999999 0.10652777777777778
0 0.62128125 0.3565694444444445 0.028914062499999997 0.036833333333333336
0 0.5246562499999999 0.3559444444444444 0.067671875 0.0900138888888889
0 0.558828125 0.5808055555555556 0.007640625 0.008930555555555554
0 0.496890625 0.566625 0.0064609375 0.011152777777777777
0 0.6429140624999999 0.3572222222222222 0.011671875 0.01929166666666667