1 0.5 0.3121527777777778 1 0.6243055555555556
0 0.124171875 0.6115555555555555 0.020171875 0.020055555555555556
0 0.2004140625 0.6183055555555556 0.02603125 0.029694444444444443
0 0.2262265625 0.5984583333333333 0.010843750000000001 0.06863888888888889
0 0.291296875 0.5942083333333333 0.0871953125 0.06863888888888889
0 0.3834765625 0.5708749999999999 0.0225546875 0.034319444444444444
0 0.4313515625 0.5582083333333334 0.014171875 0.03340277777777778
0 0.44577343750000004 0.5595277777777778 0.009398437499999999 0.0255
0 0.5172265625 0.5525 0.033625 0.018458333333333334
0 0.684359375 0.5003333333333333 0.0824140625 0.10226388888888888
0 0.7831718750000001 0.5151388888888888 0.0545546875 0.05919444444444444
0 0.8795937500000001 0.5324305555555556 0.060164062500000004 0.049819444444444444
0 0.9847578125 0.5453194444444445 0.0304921875 0.045125000000000005