1 0.5 0.45047222222222216 0.9999921875 0.9009444444444443
0 0.13482812500000002 0.5102638888888889 0.11099218749999999 0.06794444444444445
0 0.0388984375 0.6035555555555555 0.061 0.07354166666666667
0 0.3395078125 0.734111111111111 0.0841015625 0.06833333333333334
0 0.151765625 0.7986527777777778 0.015101562499999999 0.03280555555555556
0 0.05825781249999999 0.8264027777777778 0.032632812500000004 0.034749999999999996
0 0.701546875 0.48318055555555556 0.054734375 0.04184722222222222
0 0.5289140625 0.344375 0.0531953125 0.11226388888888889
0 0.49625 0.566625 0.0077421875 0.011152777777777777
0 0.6675 0.3532638888888889 0.011671875 0.02719444444444444
0 0.179171875 0.7939583333333333 0.033296875 0.08566666666666667
0 0.0656953125 0.7656666666666666 0.009765625 0.020638888888888887
0 0.2566484375 0.6953194444444445 0.023679687499999998 0.09202777777777779
0 0.6408203125 0.3490138888888889 0.012796875 0.02677777777777778
0 0.5649140625 0.35294444444444445 0.012140624999999999 0.029819444444444444
0 0.6161640625 0.31045833333333334 0.009828125 0.014027777777777778