1 0.5 0.23277777777777778 1 0.4655694444444444
0 0.44478906250000005 0.48086111111111113 0.02815625 0.025208333333333333
0 0.43839843749999996 0.44179166666666664 0.048570312500000004 0.034666666666666665
0 0.301046875 0.42798611111111107 0.0389609375 0.015583333333333334
0 0.26296875000000003 0.35450000000000004 0.0420390625 0.08741666666666667
0 0.32239062500000004 0.3630138888888889 0.048265625 0.09204166666666666
0 0.7550078124999999 0.3140833333333333 0.48998437499999997 0.36365277777777777
0 0.53359375 0.3448611111111111 0.13567968749999998 0.11861111111111113
0 0.7717031249999999 0.020625 0.020828125 0.04125
0 0.8348437499999999 0.04484722222222222 0.03215625 0.05102777777777778
0 0.860703125 0.015347222222222224 0.018421874999999997 0.030694444444444448
0 0.8416953125 0.011236111111111112 0.013890625 0.014666666666666668
0 0.84671875 0.08697222222222221 0.0266796875 0.02972222222222222
0 0.888734375 0.026305555555555558 0.0253828125 0.052625
0 0.63178125 0.077625 0.015015625 0.04093055555555555
0 0.6379453125000001 0.12441666666666666 0.0091875 0.021819444444444447
0 0.6142578125 0.09091666666666666 0.010796875000000001 0.020819444444444446
0 0.5658984375 0.09954166666666667 0.023109374999999998 0.036041666666666666
0 0.523484375 0.1899861111111111 0.014234374999999999 0.03215277777777777
0 0.2913671875 0.22541666666666668 0.05493749999999999 0.036000000000000004
0 0.31710937499999997 0.24234722222222224 0.0525390625 0.153125
0 0.40217187499999996 0.29441666666666666 0.0970234375 0.15777777777777777
0 0.39372656250000004 0.2299861111111111 0.0161875 0.02686111111111111
0 0.40925 0.16644444444444445 0.044101562500000004 0.04741666666666667
0 0.438078125 0.1077638888888889 0.024125 0.02609722222222222
0 0.46685156250000004 0.212625 0.0105859375 0.022611111111111113
0 0.5371875 0.0889861111111111 0.0166015625 0.02305555555555556
0 0.5068125 0.06202777777777777 0.0768046875 0.12406944444444444
0 0.54278125 0.047875 0.013398437499999999 0.03220833333333333
0 0.57371875 0.04575 0.014226562500000001 0.04622222222222223
0 0.49973437499999995 0.16258333333333333 0.0104296875 0.034833333333333334
0 0.5042421874999999 0.2050138888888889 0.009398437499999999 0.03525