1 0.5 0.23923611111111112 1 0.47847222222222224
0 0.019414062500000002 0.42268055555555556 0.0388359375 0.04597222222222223
0 0.055398437499999995 0.4344305555555556 0.012046875 0.017555555555555557
0 0.0694296875 0.4396805555555555 0.011679687499999999 0.012638888888888889
0 0.08647656249999999 0.43743055555555554 0.013007812499999999 0.016694444444444442
0 0.12121875 0.43165277777777783 0.033359375000000004 0.02398611111111111
0 0.1506640625 0.4195555555555555 0.015171875000000001 0.019916666666666666
0 0.21128125 0.38534722222222223 0.07715625000000001 0.05002777777777778
0 0.37227343749999997 0.42998611111111107 0.0147734375 0.02626388888888889
0 0.48753124999999997 0.46005555555555555 0.039718750000000004 0.05748611111111111
0 0.7545546875 0.4467222222222222 0.062125 0.09833333333333333
0 0.868390625 0.46186111111111117 0.008015625 0.008972222222222222
0 0.8813593750000001 0.4604583333333333 0.00940625 0.01672222222222222
0 0.9029921875 0.4638888888888889 0.007921875 0.008444444444444445