1 0.5 0.38472222222222224 1 0.7694444444444445
0 0.34664843749999996 0.4412777777777778 0.0433125 0.043305555555555555
0 0.391734375 0.426125 0.014390625 0.013319444444444445
0 0.40854687500000003 0.34854166666666664 0.0372421875 0.044111111111111115
0 0.4743515625 0.3735694444444445 0.049585937499999996 0.11208333333333334
0 0.54125 0.512 0.1173046875 0.1758611111111111
0 0.630234375 0.5823194444444444 0.0415546875 0.035291666666666666
0 0.6262265625000001 0.5100416666666667 0.031578125 0.03127777777777778
0 0.7028515625 0.5830833333333333 0.0935078125 0.07058333333333333
0 0.755625 0.5169722222222223 0.0394453125 0.04777777777777777
0 0.6873203125 0.4667916666666666 0.0887109375 0.09143055555555556
0 0.88003125 0.5999722222222222 0.239921875 0.2341111111111111
0 0.42717968749999996 0.44629166666666664 0.012609375 0.018458333333333334
0 0.5903359375 0.48551388888888886 0.017796875 0.03888888888888889
0 0.8542031250000001 0.6640694444444445 0.0172890625 0.017555555555555557
0 0.8738125 0.6484305555555555 0.008953125000000001 0.01152777777777778
0 0.8052734375 0.6286805555555556 0.08057031249999999 0.04006944444444445