1 0.39001562500000003 0.49863888888888885 0.773078125 0.9972916666666666
0 0.4603671875 0.7736388888888889 0.250453125 0.4160833333333333
0 0.61375 0.6005555555555555 0.016523437499999998 0.03038888888888889
0 0.6325390625 0.5817916666666666 0.01378125 0.04843055555555555
0 0.47483593749999997 0.39825 0.016718749999999998 0.040138888888888884
0 0.1600625 0.4540138888888889 0.017945312499999998 0.03323611111111111
0 0.2546328125 0.4295277777777778 0.0315546875 0.04834722222222222
0 0.340140625 0.4729305555555555 0.012375 0.0325
0 0.1745390625 0.2769583333333333 0.044890625 0.13044444444444445
0 0.3172421875 0.23856944444444445 0.0439921875 0.08581944444444445
0 0.411390625 0.24804166666666666 0.026726562500000002 0.03997222222222222
0 0.4518515625 0.1761111111111111 0.014218749999999999 0.03120833333333333
0 0.3594140625 0.22765277777777776 0.012210937500000001 0.021430555555555557
0 0.3806484375 0.20569444444444443 0.013960937500000001 0.05466666666666667
0 0.381234375 0.43975000000000003 0.021140625 0.030305555555555554