1 0.5 0.4553888888888889 1 0.9107777777777778
0 0.034125 0.8465138888888889 0.0682578125 0.11538888888888889
0 0.183421875 0.8286666666666667 0.1336328125 0.10668055555555556
0 0.1224140625 0.6619027777777777 0.056796875000000004 0.06870833333333333
0 0.2020078125 0.5824722222222222 0.0697421875 0.059208333333333335
0 0.36832031249999997 0.7660694444444445 0.06390625 0.05504166666666667
0 0.5670546875 0.6056944444444444 0.0139375 0.03075
0 0.6625 0.47424999999999995 0.022984375 0.030222222222222223
0 0.6208750000000001 0.4424444444444445 0.018351562499999998 0.03334722222222222
0 0.5718671875 0.4967361111111111 0.0787109375 0.13691666666666666
0 0.47925000000000006 0.4527083333333333 0.0223671875 0.026069444444444444
0 0.448828125 0.41554166666666664 0.044484375 0.09405555555555556
0 0.2931640625 0.7610277777777779 0.01575 0.027513888888888886
0 0.073265625 0.6777222222222222 0.0324140625 0.03677777777777778
0 0.08967968750000001 0.7296944444444444 0.0290859375 0.04515277777777778
0 0.092859375 0.767638888888889 0.015984375000000002 0.017194444444444446
0 0.0631953125 0.6190694444444444 0.01040625 0.011791666666666667