1 0.5 0.1840277777777778 1 0.3680555555555556
0 0.8960078125000001 0.35091666666666665 0.08125 0.06979166666666667
0 0.6398203125 0.3547222222222222 0.023484375 0.051194444444444445
0 0.1678203125 0.34497222222222224 0.0366875 0.042666666666666665
0 0.2049296875 0.3346111111111111 0.016968749999999998 0.03779166666666667
0 0.3277109375 0.32008333333333333 0.021406249999999998 0.029388888888888888
0 0.4291875 0.29720833333333335 0.007046874999999999 0.02408333333333333
0 0.390375 0.3052777777777778 0.0096171875 0.013722222222222222
0 0.34796875 0.3151388888888889 0.008265625 0.011319444444444444
0 0.356703125 0.30972222222222223 0.0040625 0.011555555555555557
0 0.3799375 0.306 0.00446875 0.007944444444444445
0 0.28097656249999997 0.34019444444444447 0.008125 0.008916666666666666