1 0.5 0.4806388888888889 1 0.9612916666666667
0 0.9257734375 0.5199722222222222 0.051390625 0.06594444444444444
0 0.32765625 0.7777222222222223 0.10089843750000001 0.09481944444444444
0 0.3720625 0.5789305555555555 0.021718750000000002 0.048833333333333326
0 0.11849218749999998 0.5718888888888889 0.087125 0.07884722222222222
0 0.0226875 0.8913055555555556 0.026500000000000003 0.041541666666666664
0 0.038351562500000005 0.8393055555555555 0.014445312499999998 0.029736111111111112
0 0.0843125 0.8757222222222222 0.01803125 0.030638888888888886
0 0.1550078125 0.836 0.0229765625 0.03998611111111111
0 0.12765625 0.8518194444444444 0.014484374999999999 0.03188888888888889
0 0.143015625 0.8640833333333333 0.009 0.015027777777777779
0 0.152484375 0.8875277777777778 0.014078125 0.019569444444444445
0 0.43932031250000003 0.3862777777777778 0.0611015625 0.064625
0 0.5292421875 0.42398611111111106 0.057257812500000005 0.07313888888888888
0 0.629796875 0.40109722222222227 0.050109375 0.05434722222222223
0 0.6720937499999999 0.41958333333333336 0.0309453125 0.04645833333333334
0 0.030398437499999997 0.6949722222222222 0.051023437500000005 0.035305555555555555
0 0.2208515625 0.7864305555555556 0.0239140625 0.034111111111111106