0 0.45959374999999997 0.5914027777777778 0.022109375 0.02408333333333333
0 0.5011328125000001 0.5837916666666666 0.043140625 0.04818055555555555
0 0.5350078125 0.5815833333333333 0.015328125000000001 0.028527777777777777
0 0.5580078125 0.5933055555555555 0.01996875 0.03169444444444444
0 0.5553281250000001 0.5384722222222222 0.0210390625 0.028527777777777777
0 0.557828125 0.5061388888888889 0.018187500000000002 0.031055555555555555
0 0.612203125 0.5578055555555556 0.026382812500000002 0.06591666666666667
0 0.6464296875 0.612638888888889 0.017828125 0.03993055555555555
0 0.6965234375 0.6205555555555555 0.078796875 0.060847222222222226
0 0.7803125 0.29633333333333334 0.0837890625 0.0792361111111111
0 0.7979609375 0.1365972222222222 0.0406484375 0.07797222222222222
0 0.8222109375000001 0.41201388888888885 0.09128125000000001 0.1077638888888889
0 0.9929296875 0.34261111111111114 0.0141328125 0.036125000000000004
0 0.9450390625 0.43927777777777777 0.039578125 0.04818055555555555
0 0.9792734375000001 0.4582916666666667 0.019609375000000002 0.030430555555555554
0 0.9332734374999999 0.3936388888888889 0.0131953125 0.013944444444444443
0 0.9272109374999999 0.3603611111111111 0.017468749999999998 0.028527777777777777
0 0.99175 0.4189861111111111 0.01390625 0.01775
1 0.5 0.2222222222222222 1 0.4444444444444444