1 0.4453125 0.21944444444444444 0.890625 0.4388888888888889
0 0.24881250000000002 0.45048611111111114 0.090515625 0.05413888888888888
0 0.2853046875 0.39116666666666666 0.0225234375 0.03930555555555556
0 0.3188828125 0.427125 0.027109375 0.043013888888888886
0 0.366015625 0.4653194444444444 0.0679921875 0.05116666666666667
0 0.4333828125 0.5094305555555556 0.012515624999999999 0.026694444444444444
0 0.45653125 0.3351805555555556 0.065484375 0.07415277777777778
0 0.431921875 0.2647361111111111 0.047132812499999996 0.05190277777777778
0 0.4429765625 0.16016666666666665 0.021687500000000002 0.04004166666666666
0 0.5216015625 0.30218055555555556 0.0104296875 0.022986111111111113
0 0.5412109375 0.361125 0.030453124999999998 0.029666666666666668
0 0.5676953124999999 0.2947638888888889 0.010007812500000001 0.015569444444444445
0 0.882 0.4162638888888889 0.01353125 0.01604166666666667