1 0.5 0.45047222222222216 0.9999921875 0.9009444444444443
0 0.1309296875 0.5078333333333334 0.10943750000000001 0.07694444444444444
0 0.036171875 0.6084027777777778 0.0695703125 0.07354166666666667
0 0.34392187500000004 0.7287222222222222 0.0929296875 0.08108333333333334
0 0.15221875 0.8002499999999999 0.015101562499999999 0.03280555555555556
0 0.0606171875 0.8264027777777778 0.037359375 0.034749999999999996
0 0.6920625 0.48318055555555556 0.066625 0.04004166666666666
0 0.5211953125 0.3380972222222222 0.05659375 0.12202777777777778
0 0.49625 0.566625 0.0077421875 0.011152777777777777
0 0.6675 0.3572222222222222 0.011671875 0.01929166666666667
0 0.18096874999999998 0.7949583333333333 0.030601562500000002 0.08286111111111111
0 0.0662578125 0.7682638888888889 0.0122421875 0.025833333333333337
0 0.2558203125 0.6953194444444445 0.023679687499999998 0.09202777777777779
0 0.641078125 0.34808333333333336 0.012796875 0.02677777777777778