1 0.5012265625000001 0.3259444444444445 0.9975468749999999 0.651888888888889
0 0.0243515625 0.6433611111111112 0.029562500000000002 0.048916666666666664
0 0.0308046875 0.5863055555555555 0.0256796875 0.03170833333333333
0 0.1005390625 0.4926111111111111 0.03259375 0.09797222222222222
0 0.16121093749999998 0.61875 0.1292890625 0.06929166666666667
0 0.26182812499999997 0.6060138888888889 0.052140624999999996 0.04125
0 0.36614843750000003 0.3844305555555556 0.06792187499999999 0.07455555555555556
0 0.20884375 0.20894444444444443 0.04040625 0.028583333333333332
0 0.45902343749999996 0.4098472222222222 0.052140624999999996 0.070125
0 0.4955625 0.2607638888888889 0.0382109375 0.06154166666666667
0 0.5793671875 0.24761111111111112 0.02021875 0.020416666666666666
0 0.530796875 0.43522222222222223 0.0431328125 0.04876388888888889
0 0.5397109375 0.5524583333333333 0.0757578125 0.07125
0 0.5906015625000001 0.4252916666666666 0.02384375 0.03294444444444444
0 0.71275 0.19891666666666666 0.0143984375 0.015805555555555555
0 0.80353125 0.3952777777777778 0.0379140625 0.03741666666666667
0 0.85253125 0.45493055555555556 0.057625 0.06502777777777778
0 0.9334374999999999 0.4100972222222222 0.0686328125 0.06190277777777778
0 0.933796875 0.45093055555555556 0.0157109375 0.013736111111111112
0 0.1402578125 0.15470833333333334 0.016492187499999998 0.015208333333333332
0 0.0913671875 0.18729166666666666 0.0108828125 0.017569444444444447
0 0.1024375 0.163375 0.0065390625 0.009930555555555555
0 0.0762734375 0.19594444444444445 0.0050625 0.014819444444444444