1 0.5 0.3818611111111111 1 0.7637361111111111
0 0.1275234375 0.7734722222222222 0.025500000000000002 0.03759722222222222
0 0.0586796875 0.7104722222222223 0.0080390625 0.014722222222222222
0 0.006875000000000001 0.65475 0.0137578125 0.02622222222222222
0 0.0059453125 0.5066388888888889 0.009421875 0.03158333333333333
0 0.4705078125 0.352 0.0533359375 0.038125
0 0.4320234375 0.6704722222222222 0.059414062499999996 0.18369444444444444
0 0.46740624999999997 0.9857916666666666 0.017890625 0.021111111111111112
0 0.2765546875 0.6968194444444444 0.0273359375 0.04908333333333334
0 0.23515625 0.739986111111111 0.0213984375 0.0385
0 0.2179921875 0.6310694444444445 0.011609375 0.01411111111111111
0 0.2309921875 0.6286527777777777 0.0112578125 0.019194444444444445
0 0.9277265625 0.3883611111111111 0.018476562499999998 0.026805555555555558
0 0.9876484375000001 0.33675 0.018890625 0.016291666666666666
0 0.7614609375 0.4911944444444445 0.0158515625 0.01622222222222222
0 0.8350078125 0.42244444444444446 0.0946015625 0.07573611111111112
0 0.09426562499999999 0.4109722222222222 0.0190546875 0.02488888888888889
0 0.0764765625 0.6316111111111111 0.08917968750000001 0.10415277777777777
0 0.039203125 0.5106666666666667 0.00659375 0.01626388888888889
0 0.1339296875 0.6760138888888889 0.00721875 0.01359722222222222
0 0.1785546875 0.6868472222222222 0.00671875 0.012055555555555555
0 0.2099296875 0.6910972222222221 0.009648437499999999 0.010888888888888889
0 0.22562500000000002 0.7004305555555556 0.0132890625 0.015041666666666667
0 0.1315859375 0.7292361111111111 0.0036249999999999998 0.008833333333333334
0 0.196875 0.6112222222222222 0.007476562500000001 0.009708333333333334
0 0.15687500000000001 0.5104444444444444 0.014828125000000001 0.024944444444444446
0 0.228015625 0.48497222222222225 0.013726562500000001 0.018277777777777778
0 0.2808515625 0.6472222222222223 0.0053671875 0.013583333333333333
0 0.3063046875 0.6539861111111112 0.0063203124999999995 0.01161111111111111
0 0.277796875 0.5750277777777778 0.0071953125 0.010888888888888889
0 0.2680703125 0.5661111111111111 0.00715625 0.00926388888888889
0 0.245609375 0.6683611111111112 0.0102109375 0.010763888888888889
0 0.2446171875 0.6796666666666666 0.0050625 0.007305555555555556
0 0.243828125 0.6979166666666666 0.0034765625 0.014194444444444445
0 0.2413046875 0.617875 0.00596875 0.009166666666666667
0 0.24296875 0.6086805555555556 0.004546875000000001 0.008402777777777778
0 0.1737578125 0.6160694444444444 0.0046328125 0.006277777777777777
0 0.1704609375 0.6406666666666666 0.0032734375000000003 0.007680555555555556
0 0.1552734375 0.6549722222222222 0.017585937500000003 0.023249999999999996
0 0.1937578125 0.57525 0.006234375 0.009666666666666667
0 0.18910156250000001 0.5549861111111111 0.016109375000000002 0.021902777777777778
0 0.21187499999999998 0.6158888888888889 0.0040625 0.0077777777777777776
0 0.2196796875 0.6167916666666666 0.0039609375 0.007708333333333333
0 0.21437499999999998 0.5978611111111111 0.0038203125 0.0071111111111111115
0 0.23428906249999998 0.5866944444444445 0.004203125 0.008347222222222221
0 0.175171875 0.5805694444444445 0.0038203125 0.005263888888888889
0 0.269171875 0.63975 0.0033203125 0.007041666666666667
0 0.29846875 0.6422222222222221 0.004578125000000001 0.011097222222222222
0 0.27071093749999997 0.7359861111111111 0.004578125000000001 0.007055555555555555