1 0.5 0.5 1 1
0 0.33803125 0.9432777777777778 0.0388671875 0.05683333333333333
0 0.3123359375 0.35506944444444444 0.033671875000000004 0.1057638888888889
0 0.1825 0.5000694444444445 0.0547421875 0.05552777777777777
0 0.29889062499999997 0.5013472222222223 0.093328125 0.17868055555555556
0 0.4791171875 0.5498472222222222 0.13968750000000002 0.19366666666666665
0 0.761046875 0.5520555555555556 0.0485546875 0.08372222222222223
0 0.7683671875 0.6680138888888889 0.04415625 0.11326388888888889
0 0.69853125 0.6534444444444445 0.009218750000000001 0.01411111111111111
0 0.6698359375 0.6228194444444445 0.0170625 0.021861111111111112
0 0.6124609375000001 0.6987916666666667 0.025750000000000002 0.03243055555555556
0 0.9062187500000001 0.8679305555555555 0.0933203125 0.11266666666666668
0 0.8035859375 0.854638888888889 0.0935234375 0.07654166666666666
0 0.644921875 0.45083333333333336 0.0194453125 0.022583333333333337
0 0.77390625 0.766875 0.017515625 0.025402777777777778
0 0.8710078125 0.6290416666666667 0.04284375 0.044833333333333336
0 0.9067421875000001 0.6917777777777777 0.0101796875 0.013972222222222223
0 0.626390625 0.7615416666666666 0.0267890625 0.060361111111111115