1 0.5 0.18055555555555555 1 0.3611111111111111
0 0.3042890625 0.5138888888888888 0.0196015625 0.020763888888888887
0 0.3145078125 0.47977777777777775 0.0158515625 0.020763888888888887
0 0.34245312499999997 0.46420833333333333 0.031703125 0.04894444444444445
0 0.39563281250000004 0.4701388888888889 0.024609375 0.06822222222222221
0 0.401265625 0.39634722222222224 0.0241953125 0.040777777777777774
0 0.4471484375 0.45048611111111114 0.035875000000000004 0.05413888888888888
0 0.4867734375 0.49905555555555553 0.030867187499999997 0.04894444444444445
0 0.5293203125 0.5016527777777777 0.018351562499999998 0.05265277777777777
0 0.5576875 0.515375 0.0225234375 0.03855555555555556
0 0.6350625 0.5643055555555556 0.09718750000000001 0.09640277777777777
0 0.7118046875 0.5650555555555555 0.024609375 0.05190277777777778
0 0.76478125 0.5687638888888888 0.0321171875 0.057833333333333334
0 0.7551875 0.34815277777777776 0.00959375 0.018541666666666665
0 0.8140000000000001 0.23729166666666665 0.0254453125 0.04597222222222223
0 0.6479921875 0.3003194444444444 0.098859375 0.12605555555555556
0 0.6194140625 0.18983333333333335 0.0191875 0.026694444444444444