1 0.48460937499999995 0.4937638888888889 0.383125 0.3254861111111111
0 0.5445781249999999 0.6349444444444445 0.0167890625 0.03802777777777778
0 0.6167812500000001 0.528625 0.014421875 0.024708333333333332
0 0.5266953125 0.5608888888888889 0.013398437499999999 0.012972222222222222
0 0.4819453125 0.5333333333333333 0.0172578125 0.018069444444444444
0 0.48403906250000006 0.5527916666666667 0.008375 0.0125
0 0.497859375 0.5550833333333334 0.0109453125 0.0125
0 0.5312187500000001 0.6052777777777778 0.0078046875 0.013194444444444444
0 0.56725 0.5871111111111111 0.023796875000000002 0.05516666666666666
0 0.602546875 0.616125 0.04384375 0.04094444444444444
0 0.6376640625000001 0.6117777777777778 0.019414062500000002 0.017597222222222222
0 0.657046875 0.6018888888888889 0.009328125 0.019972222222222225
0 0.5341640625 0.5264305555555555 0.0057109375 0.011166666666666665