1 0.5017421875 0.5 0.9965234374999999 1
0 0.0843671875 0.9259166666666666 0.139359375 0.14818055555555557
0 0.058710937500000004 0.7287222222222222 0.036539062500000004 0.042041666666666665
0 0.0833125 0.8235972222222222 0.03590625 0.023125
0 0.4345703125 0.5557638888888888 0.041749999999999995 0.07444444444444445
0 0.5943906250000001 0.6078472222222222 0.021921875 0.028486111111111115
0 0.675671875 0.5397083333333333 0.01559375 0.025833333333333337
0 0.048953125 0.2640694444444444 0.0381171875 0.04801388888888889
0 0.8511093750000001 0.7651944444444445 0.04021875 0.05002777777777778
0 0.9923437500000001 0.9040972222222223 0.013859374999999998 0.05677777777777778
0 0.7005625 0.9819861111111111 0.02878125 0.03061111111111111
0 0.7790625 0.9774444444444444 0.0115078125 0.03434722222222222
0 0.8243671875 0.9740972222222223 0.0095625 0.01698611111111111