1 0.5 0.30395833333333333 1 0.6079166666666667
0 0.1257890625 0.5907916666666667 0.10430468749999999 0.069875
0 0.20642968750000001 0.624625 0.0123046875 0.01161111111111111
0 0.22872656249999998 0.617875 0.008843750000000001 0.022041666666666664
0 0.28695312500000003 0.5794861111111111 0.0966171875 0.09265277777777776
0 0.44571875 0.5688333333333333 0.0176015625 0.02123611111111111
0 0.518671875 0.5480555555555556 0.026289062499999998 0.02327777777777778
0 0.683390625 0.512361111111111 0.0542890625 0.07930555555555556
0 0.7188749999999999 0.5227916666666667 0.0153984375 0.03301388888888889
0 0.763953125 0.5194166666666666 0.055398437499999995 0.059541666666666666
0 0.817734375 0.53325 0.02815625 0.025694444444444443
0 0.87834375 0.5212083333333333 0.0470234375 0.07129166666666667
0 0.9517578125 0.5517361111111111 0.010609375 0.017444444444444446
0 0.9756640624999999 0.5582638888888889 0.0124296875 0.014472222222222221
0 0.9907812500000001 0.5591388888888889 0.0048359375 0.010361111111111111