1 0.5 0.18602777777777776 1 0.37204166666666666
0 0.9220937499999999 0.328875 0.08051562500000001 0.06370833333333333
0 0.8263515625 0.3461388888888889 0.015476562499999999 0.017527777777777778
0 0.7550390625000001 0.30662500000000004 0.0451328125 0.038
0 0.6891171875000001 0.22611111111111112 0.05346093750000001 0.04591666666666667
0 0.6740781250000001 0.17890277777777777 0.0276015625 0.024722222222222222
0 0.70959375 0.12029166666666667 0.0251796875 0.044361111111111115
0 0.7308125000000001 0.08773611111111111 0.0144140625 0.014916666666666667
0 0.7202578125 0.021694444444444443 0.06930468749999999 0.04338888888888889
0 0.5045390624999999 0.2048611111111111 0.037296875 0.036180555555555556
0 0.54871875 0.19697222222222222 0.02178125 0.021916666666666664
0 0.6048281249999999 0.2568472222222222 0.014078125 0.018569444444444444
0 0.7448515625 0.24718055555555554 0.05178125 0.03226388888888889
0 0.8371171875 0.21668055555555554 0.0615 0.03626388888888889
0 0.88509375 0.12855555555555556 0.16084375 0.09841666666666667
0 0.7769999999999999 0.079 0.0265546875 0.044375
0 0.7745703125000001 0.029208333333333336 0.0377421875 0.058402777777777776
0 0.8965 0.04494444444444445 0.146484375 0.08568055555555555
0 0.85490625 0.3527638888888889 0.01009375 0.010722222222222222
0 0.9395625000000001 0.38588888888888884 0.043460937500000005 0.031125