0 0.5268203125 0.6825555555555556 0.015921875 0.014972222222222222
0 0.3470234375 0.7047083333333333 0.009890625 0.018680555555555554
0 0.5869453124999999 0.7454999999999999 0.015234375 0.023500000000000004
0 0.6586796875 0.538 0.0167890625 0.035208333333333335
0 0.74796875 0.6135833333333333 0.0194296875 0.026625000000000003
0 0.5646875 0.5394583333333334 0.0111875 0.03943055555555556
0 0.5534921875000001 0.537625 0.00803125 0.013680555555555555
0 0.64390625 0.5468472222222223 0.0033828125 0.006375
0 0.6705390625 0.5443888888888888 0.0043749999999999995 0.009902777777777778
0 0.9211015625 0.49133333333333334 0.0080625 0.027138888888888886
0 0.7553203125 0.5560833333333334 0.0046875 0.009430555555555555
0 0.1161953125 0.6725833333333333 0.0052734375 0.012152777777777778
0 0.112890625 0.5699305555555556 0.014101562500000001 0.015680555555555555
0 0.16636718749999999 0.5727638888888889 0.0065390625 0.008680555555555556
0 0.29734375 0.5493472222222222 0.0086328125 0.014611111111111111
0 0.39034375 0.5202222222222223 0.0071328125 0.015430555555555555
0 0.3954609375 0.5350694444444445 0.00503125 0.008597222222222223
0 0.4022265625 0.5476388888888889 0.005203125 0.009361111111111112
0 0.6205 0.7647083333333333 0.0101796875 0.010263888888888888
0 0.78225 0.516375 0.0038984375 0.0060416666666666665
1 0.499703125 0.2730277777777778 0.9924531249999999 0.5400416666666666