1 0.5 0.45679166666666665 1 0.9135833333333333
0 0.0174921875 0.8505 0.0349765625 0.09981944444444445
0 0.0057578125 0.7619444444444444 0.0115078125 0.013527777777777777
0 0.108296875 0.8040972222222222 0.013125000000000001 0.03909722222222222
0 0.1031015625 0.8442361111111112 0.0209765625 0.02736111111111111
0 0.171109375 0.8268472222222223 0.10028125000000002 0.10808333333333332
0 0.1775078125 0.585 0.064296875 0.061388888888888896
0 0.0942734375 0.6666944444444444 0.0577890625 0.06465277777777777
0 0.344078125 0.7678055555555556 0.058015625 0.05390277777777778
0 0.2612265625 0.7661944444444444 0.0199375 0.03869444444444444
0 0.5331640625 0.6544722222222222 0.013484375000000002 0.04155555555555556
0 0.5429609375 0.617625 0.0088828125 0.01475
0 0.5456953125 0.659 0.0075 0.02025
0 0.5094296875000001 0.4617638888888889 0.057835937500000004 0.06066666666666667
0 0.41478906249999997 0.42998611111111107 0.0543359375 0.058236111111111113
0 0.596890625 0.4409722222222222 0.0213828125 0.04954166666666667
0 0.6412109375 0.4691111111111111 0.018578125 0.03309722222222222
0 0.6247265625 0.5502361111111111 0.0113828125 0.013916666666666666
0 0.3285625 0.7157638888888889 0.009859375 0.01976388888888889
0 0.65853125 0.5603611111111111 0.011046875000000001 0.02826388888888889