1 0.5 0.32048611111111114 1 0.6409722222222223
0 0.22150781249999998 0.5628472222222223 0.44301562499999997 0.26461111111111113
0 0.5335468750000001 0.48127777777777775 0.0725546875 0.16658333333333333
0 0.600484375 0.46561111111111114 0.0285625 0.13395833333333335
0 0.7067578125 0.4293611111111111 0.1500546875 0.2085972222222222
0 0.9291874999999999 0.4984444444444444 0.06301562499999999 0.068
0 0.995453125 0.4512777777777778 0.0091015625 0.12669444444444444
0 0.522921875 0.350125 0.0220546875 0.05630555555555555
0 0.8294218750000001 0.4224861111111111 0.01290625 0.03086111111111111
0 0.8391640625000001 0.47775 0.0117265625 0.027944444444444445
0 0.4544765625 0.5214861111111111 0.008484374999999999 0.02425