1 0.5 0.45679166666666665 1 0.9135833333333333
0 0.019046874999999998 0.8505 0.038093749999999996 0.09981944444444445
0 0.0063437499999999996 0.7633333333333334 0.0126796875 0.016291666666666666
0 0.108296875 0.8040972222222222 0.013125000000000001 0.03909722222222222
0 0.1031015625 0.8442361111111112 0.0209765625 0.02736111111111111
0 0.171109375 0.8268472222222223 0.10028125000000002 0.10808333333333332
0 0.1782890625 0.5839583333333334 0.0658515625 0.0662361111111111
0 0.09525 0.6666944444444444 0.057398437499999996 0.06326388888888888
0 0.34797656250000003 0.7678055555555556 0.0658046875 0.05390277777777778
0 0.2620078125 0.7661944444444444 0.0199375 0.03869444444444444
0 0.5335546875 0.6551666666666667 0.012703125000000001 0.04155555555555556
0 0.542375 0.6158888888888889 0.0100546875 0.018208333333333333
0 0.54725 0.6603888888888889 0.0075 0.02025
0 0.5109843749999999 0.46037500000000003 0.059390624999999996 0.06066666666666667
0 0.4114296875 0.4330972222222222 0.064203125 0.050625
0 0.5984453125 0.44166666666666665 0.0213828125 0.04815277777777778
0 0.6345859375 0.4691111111111111 0.018578125 0.04002777777777778
0 0.6251171875 0.5481527777777778 0.0113828125 0.013916666666666666
0 0.6569765624999999 0.5600138888888888 0.011828125 0.030347222222222223
0 0.0641015625 0.769861111111111 0.0160703125 0.017777777777777778
0 0.47253125 0.6198611111111111 0.009046875 0.015708333333333335
0 0.521125 0.5371111111111111 0.0068984375 0.015013888888888889