1 0.501140625 0.447875 0.9977265624999999 0.89575
0 0.5624921875 0.6765694444444444 0.14325000000000002 0.13968055555555556
0 0.6604062500000001 0.7118611111111111 0.037703125 0.07977777777777778
0 0.6396875 0.4908194444444444 0.0637109375 0.17645833333333333
0 0.8135859375000001 0.6478194444444445 0.07928125 0.3080555555555556
0 0.9290078125000001 0.798861111111111 0.1419921875 0.10741666666666667
0 0.881671875 0.5241666666666667 0.009664062499999999 0.016083333333333335
0 0.9031328125 0.6165833333333334 0.014078125 0.05948611111111111
0 0.9233437500000001 0.6858333333333333 0.008953125000000001 0.02227777777777778
0 0.7238125 0.5163194444444444 0.008734374999999999 0.02322222222222222
0 0.707171875 0.4743888888888889 0.01390625 0.021930555555555554