1 0.5 0.3875 1 0.775
0 0.194671875 0.6459722222222223 0.1582734375 0.2751944444444444
0 0.011609375 0.11143055555555556 0.02321875 0.05513888888888889
0 0.0782421875 0.4660694444444444 0.0074140625000000005 0.021097222222222222
0 0.0946640625 0.47068055555555555 0.0114921875 0.01977777777777778
0 0.1401640625 0.4334444444444444 0.0103828125 0.017805555555555557
0 0.08046875 0.4845277777777778 0.006671874999999999 0.009222222222222222
0 0.2971875 0.03665277777777778 0.031148437499999997 0.04002777777777778
0 0.2754765625 0.16572222222222222 0.012210937500000001 0.023666666666666666
0 0.300359375 0.1325 0.009640625 0.01186111111111111
0 0.3381953125 0.20026388888888888 0.0192734375 0.034569444444444444
0 0.363765625 0.18193055555555557 0.02521875 0.04223611111111111
0 0.38140625 0.137125 0.040890625 0.048777777777777774
0 0.40085156250000004 0.07877777777777778 0.0445 0.07580555555555556
0 0.3238359375 0.32384722222222223 0.040203125 0.08477777777777777
0 0.34385937499999997 0.2571805555555555 0.00940625 0.022236111111111113
0 0.3593671875 0.29891666666666666 0.017890625 0.027930555555555556
0 0.3145546875 0.44990277777777776 0.0541640625 0.04019444444444445
0 0.381421875 0.4160416666666667 0.0144375 0.01925
0 0.3855 0.4816944444444444 0.026492187499999997 0.027180555555555555
0 0.5871562499999999 0.5347083333333333 0.36805468750000003 0.286625
0 0.8642421875 0.42856944444444445 0.010140625 0.015527777777777777
0 0.8558203125 0.4478611111111111 0.0140390625 0.020041666666666666
0 0.898421875 0.4754166666666667 0.03771875 0.022527777777777775
0 0.9561093749999999 0.4470694444444444 0.06296874999999999 0.07038888888888889
0 0.8413515625000001 0.47600000000000003 0.0112734375 0.026555555555555558
0 0.3964765625 0.43916666666666665 0.0121953125 0.029194444444444443
0 0.10582812500000001 0.4143472222222222 0.00840625 0.012097222222222223