1 0.5 0.32695833333333335 1 0.6539166666666667
0 0.32618749999999996 0.537625 0.2838515625 0.28023611111111113
0 0.057796875000000004 0.6267777777777778 0.11558593749999999 0.13884722222222223
0 0.9260781250000001 0.4911805555555555 0.028929687500000002 0.07983333333333333
0 0.981453125 0.47979166666666667 0.037093749999999995 0.07154166666666667
0 0.7261875 0.4906388888888889 0.0620390625 0.08905555555555557
0 0.6542734375 0.48558333333333337 0.007062499999999999 0.012402777777777778
0 0.149046875 0.5774861111111111 0.030343750000000003 0.13469444444444445
0 0.5166328124999999 0.5109861111111111 0.0890546875 0.13834722222222223
0 0.5671875 0.524875 0.00821875 0.021430555555555557
0 0.5985625 0.510625 0.028218749999999997 0.04554166666666667
0 0.95428125 0.49441666666666667 0.0121015625 0.03322222222222222
0 0.8574375 0.49361111111111106 0.0208515625 0.04993055555555556
0 0.5908828125000001 0.46437500000000004 0.0068984375 0.014138888888888888