1 0.5 0.5 1 1
0 0.12921875 0.4796944444444444 0.0292421875 0.10080555555555555
0 0.19736718749999999 0.5399166666666667 0.013296875 0.025041666666666667
0 0.2746640625 0.5330416666666667 0.051734375 0.10247222222222223
0 0.3618515625 0.5899305555555555 0.014945312499999999 0.03745833333333333
0 0.399359375 0.594486111111111 0.0221171875 0.043152777777777776
0 0.4467734375 0.6176388888888888 0.02071875 0.036194444444444446
0 0.594578125 0.5085694444444445 0.02003125 0.035694444444444445
0 0.729265625 0.2343472222222222 0.05034375 0.05438888888888888
0 0.6955312499999999 0.33968055555555554 0.0641328125 0.14630555555555555
0 0.489796875 0.56675 0.0341171875 0.044694444444444446