1 0.625 0.3076388888888889 0.553125 0.40694444444444444
0 0.6791406249999999 0.496625 0.023570312500000003 0.021194444444444443
0 0.7744921875 0.46066666666666667 0.016265625 0.03404166666666667
0 0.6595156249999999 0.4294861111111111 0.027773437499999998 0.023666666666666666
0 0.674921875 0.4456944444444444 0.00940625 0.013375000000000001
0 0.6838203125 0.44968055555555553 0.0046328125 0.006430555555555556
0 0.7128281249999999 0.4306388888888889 0.0287890625 0.02545833333333333
0 0.70125 0.3945138888888889 0.025312499999999998 0.033944444444444444
0 0.6951796875 0.3456527777777778 0.0360234375 0.05915277777777778
0 0.650765625 0.3579861111111111 0.007664062500000001 0.010805555555555556
0 0.6276015625 0.316625 0.041328125 0.05393055555555555
0 0.5904375 0.3453888888888889 0.0545390625 0.022111111111111113
0 0.534140625 0.30595833333333333 0.0072578124999999995 0.013166666666666667
0 0.5590703125 0.30418055555555557 0.011421875 0.012347222222222223
0 0.791125 0.29508333333333336 0.0046875 0.008986111111111111
0 0.69465625 0.45340277777777777 0.0044531250000000005 0.006680555555555555
0 0.6877734375 0.4694722222222222 0.0037578125 0.006680555555555555
0 0.48288281250000004 0.15908333333333335 0.0053828125 0.00625