1 0.390234375 0.34444444444444444 0.78046875 0.6888888888888889
0 0.7560156250000001 0.7052222222222222 0.0920546875 0.08684722222222223
0 0.8185 0.7536388888888889 0.019523437499999997 0.03173611111111111
0 0.6211171875 0.3968055555555555 0.0406484375 0.07479166666666667
0 0.54040625 0.5459444444444445 0.140109375 0.09284722222222222
0 0.43822656249999997 0.49427777777777776 0.061750000000000006 0.09272222222222223
0 0.435015625 0.407625 0.021734375 0.03676388888888889
0 0.385609375 0.5059444444444444 0.0402890625 0.07583333333333334
0 0.2978984375 0.46399999999999997 0.0303046875 0.025361111111111112
0 0.329 0.4312361111111111 0.021796875 0.02059722222222222
0 0.34040625 0.46304166666666663 0.0525625 0.04247222222222222