1 0.3795 0.49930555555555556 0.7520390625 0.998625
0 0.1993671875 0.41525 0.0513828125 0.13429166666666667
0 0.18074218749999998 0.5858333333333333 0.020624999999999998 0.03301388888888889
0 0.334875 0.3913888888888889 0.034140625 0.04108333333333333
0 0.42500781249999997 0.4205972222222222 0.024406249999999997 0.031875
0 0.35624218750000003 0.6165972222222222 0.0157734375 0.021986111111111113
0 0.44999218750000003 0.7404583333333333 0.028414062499999997 0.04094444444444444
0 0.504484375 0.8755972222222221 0.1704765625 0.24455555555555558
0 0.3667734375 0.9431388888888889 0.025124999999999998 0.05369444444444444
0 0.39761718749999997 0.9506805555555555 0.029765625 0.06497222222222222
0 0.40831249999999997 0.8917916666666668 0.01978125 0.04645833333333334
0 0.6303124999999999 0.7570694444444445 0.0315 0.035625
0 0.5039140625 0.5633611111111111 0.060367187499999996 0.06301388888888888
0 0.45855468750000006 0.3583472222222222 0.019859375000000002 0.029249999999999998
0 0.3919453125 0.5883333333333334 0.0189921875 0.019902777777777776
0 0.2779921875 0.5686388888888889 0.038234375 0.030541666666666665