1 0.5 0.4591388888888889 1 0.9182916666666666
0 0.0332265625 0.8509861111111111 0.050664062499999996 0.09659722222222222
0 0.1967734375 0.5850555555555556 0.06316406249999999 0.06093055555555555
0 0.0840859375 0.768125 0.0145546875 0.014888888888888889
0 0.077453125 0.7221527777777779 0.016523437499999998 0.028624999999999998
0 0.1352578125 0.8311111111111111 0.055132812499999996 0.09231944444444444
0 0.281625 0.7658472222222221 0.019609375000000002 0.04420833333333333
0 0.36038281250000004 0.7629305555555554 0.0598984375 0.059541666666666666
0 0.44233593750000005 0.4371944444444444 0.077078125 0.057833333333333334
0 0.5254765625 0.45770833333333333 0.05842968750000001 0.07245833333333333
0 0.6140546875 0.44105555555555553 0.0234140625 0.04691666666666667
0 0.653578125 0.4677361111111111 0.020499999999999997 0.042847222222222224
0 0.11128125 0.6664861111111111 0.059789062500000004 0.06052777777777778
0 0.2146875 0.8149027777777778 0.048320312500000004 0.07427777777777778
0 0.5610703125 0.6236805555555556 0.0084296875 0.02676388888888889
0 0.5535234375 0.6532638888888889 0.0133125 0.035680555555555556
0 0.5647734375 0.6591388888888888 0.004148437499999999 0.016527777777777777