1 0.5000703125 0.4795694444444445 0.46432812500000004 0.9552777777777777
0 0.5213828125 0.9795694444444444 0.033828125 0.03725
0 0.5553203124999999 0.9702083333333332 0.0197890625 0.05958333333333333
0 0.5882578125 0.9765694444444445 0.021484375 0.04625
0 0.6414140625 0.8271111111111111 0.06 0.19841666666666669
0 0.4662578125 0.4069583333333333 0.26103125 0.8139166666666666
0 0.6405703125 0.9386111111111111 0.0141796875 0.019430555555555555
0 0.664765625 0.9458055555555556 0.01115625 0.01983333333333333
0 0.6664296875 0.988638888888889 0.010859375000000001 0.02272222222222222
0 0.684984375 0.99375 0.012296875 0.012513888888888889
0 0.7226015625 0.5892222222222222 0.020992187500000002 0.021305555555555557