1 0.5109375 0.3402777777777778 0.79375 0.6666666666666666
0 0.7022109375000001 0.6934305555555556 0.035562500000000004 0.034125
0 0.743421875 0.7157638888888889 0.0248359375 0.03863888888888889
0 0.6748359374999999 0.7062222222222222 0.00790625 0.012541666666666666
0 0.627421875 0.6831527777777778 0.00846875 0.013541666666666667
0 0.6536640625000001 0.6716111111111112 0.028226562500000003 0.05770833333333333
0 0.6155625 0.6269444444444444 0.04459375 0.06272222222222222
0 0.5376640625 0.6277083333333333 0.00846875 0.019069444444444444
0 0.34757812499999996 0.46111111111111114 0.0601171875 0.09231944444444444
0 0.29211718750000004 0.44806944444444446 0.0101640625 0.017055555555555553
0 0.48107812499999997 0.4877083333333333 0.1701875 0.178625
0 0.5721015625 0.4302638888888889 0.0208828125 0.036625000000000005