1 0.60984375 0.5 0.7803203125 1
0 0.2524453125 0.30548611111111107 0.007710937499999999 0.013625
0 0.296125 0.3056111111111111 0.0074921875 0.01188888888888889
0 0.3286640625 0.5390694444444445 0.006867187499999999 0.010972222222222223
0 0.3508515625 0.6412777777777778 0.007421875 0.017097222222222222
0 0.6191796875 0.09494444444444444 0.0103046875 0.030000000000000002
0 0.7605703125 0.15340277777777778 0.00703125 0.010583333333333333
0 0.7521015625 0.133125 0.0345703125 0.025097222222222222
0 0.8211640625 0.5842638888888889 0.022421875 0.020805555555555556
0 0.7545078125 0.11256944444444444 0.0066015625 0.010277777777777778
0 0.7584609375 0.09963888888888889 0.0041015625 0.00975
1 0.104765625 0.03305555555555555 0.0138671875 0.027638888888888886
1 0.1505625 0.08113888888888889 0.043890625 0.16227777777777777