1 0.5 0.5 1 1
0 0.661671875 0.9554583333333333 0.036046875 0.03359722222222222
0 0.7481640625 0.7823611111111111 0.027421875000000002 0.05444444444444445
0 0.7788046875 0.6801805555555556 0.013671875 0.014180555555555557
0 0.78096875 0.7055 0.010234375 0.015125000000000001
0 0.74675 0.21808333333333335 0.024140625 0.05451388888888889
0 0.7693046875 0.21537499999999998 0.010828125 0.027166666666666665
0 0.0229140625 0.013805555555555555 0.024671875 0.027625
0 0.142671875 0.11338888888888889 0.023984375 0.02266666666666667
0 0.1816875 0.042069444444444444 0.021562500000000002 0.02727777777777778
0 0.20040624999999998 0.012833333333333334 0.041875 0.025666666666666667