1 0.473625 0.30093055555555553 0.6494296875 0.6018611111111111
0 0.212890625 0.27655555555555555 0.011390625 0.02427777777777778
0 0.30746875 0.5316944444444445 0.0179296875 0.05506944444444444
0 0.3402421875 0.5251527777777778 0.018125 0.04704166666666666
0 0.767015625 0.8134027777777777 0.0122265625 0.015402777777777777
1 0.974296875 0.03111111111111111 0.051398437500000005 0.06220833333333333
1 0.9231640625 0.3552916666666667 0.15367187499999999 0.2314027777777778
1 0.90103125 0.8698055555555555 0.02615625 0.03488888888888889
1 0.5485703125 0.8118333333333333 0.13115625 0.3763333333333333
0 0.49296875 0.1855 0.0032500000000000003 0.006388888888888888
0 0.50703125 0.17320833333333333 0.0059453125 0.011791666666666667