1 0.6119765625 0.5 0.7760390625 1
1 0.15235156249999998 0.06381944444444444 0.03325 0.127625
0 0.29219531249999997 0.3123194444444444 0.0075625 0.014138888888888888
0 0.24856250000000002 0.3108472222222222 0.0090390625 0.01927777777777778
0 0.7470703125 0.13809722222222223 0.0323671875 0.041180555555555554
0 0.326421875 0.5455555555555556 0.005984375 0.010902777777777777
0 0.39415625 0.737875 0.0091328125 0.008166666666666666
0 0.8137968750000001 0.5793055555555556 0.015234375 0.018597222222222223
0 0.156609375 0.006694444444444445 0.0063750000000000005 0.013375000000000001
0 0.8010468749999999 0.4413888888888889 0.006921874999999999 0.008055555555555555
1 0.1003671875 0.044055555555555556 0.016046875 0.023458333333333335