1 0.6119765625 0.5 0.7760390625 1
1 0.1525625 0.05613888888888889 0.032265625 0.11209722222222221
0 0.290734375 0.3126111111111111 0.0062421875 0.010125
0 0.24759375 0.30969444444444444 0.0090390625 0.01927777777777778
0 0.7423671875 0.1267222222222222 0.032234374999999996 0.01934722222222222
0 0.39446875000000003 0.7395277777777778 0.0108203125 0.011
0 0.8131171875 0.5765416666666667 0.0101484375 0.015819444444444445
0 0.1546953125 0.006694444444444445 0.0063750000000000005 0.013375000000000001
0 0.44341406250000004 0.39063888888888887 0.006203125 0.010722222222222222
0 0.4435390625 0.742375 0.0044609375 0.011583333333333333
1 0.0992109375 0.04786111111111111 0.01871875 0.031055555555555555