1 0.6119765625 0.5 0.7760390625 1
1 0.15428906250000002 0.05609722222222222 0.0316328125 0.11218055555555555
0 0.290734375 0.3126111111111111 0.0062421875 0.010125
0 0.24759375 0.30969444444444444 0.0090390625 0.01927777777777778
0 0.7423671875 0.1267222222222222 0.032234374999999996 0.01934722222222222
0 0.39514062499999997 0.7384861111111112 0.0074687500000000006 0.007125
0 0.8148046875 0.5744166666666667 0.01353125 0.012055555555555555
0 0.1546953125 0.006694444444444445 0.0063750000000000005 0.013375000000000001
0 0.44341406250000004 0.39063888888888887 0.006203125 0.010722222222222222
0 0.4435390625 0.742375 0.0044609375 0.011583333333333333
1 0.09984375 0.04977777777777778 0.015757812500000003 0.025708333333333337