1 0.6119765625 0.5 0.7760390625 1
1 0.1515 0.05609722222222222 0.030125000000000002 0.11219444444444444
0 0.290734375 0.3126111111111111 0.0062421875 0.010125
0 0.24759375 0.30969444444444444 0.0090390625 0.01927777777777778
0 0.7434140625000001 0.1267222222222222 0.030148437500000003 0.01934722222222222
0 0.3945390625 0.7376250000000001 0.0074687500000000006 0.007125
0 0.8148046875 0.5744166666666667 0.01353125 0.012055555555555555
0 0.1546953125 0.006694444444444445 0.0063750000000000005 0.013375000000000001
0 0.44341406250000004 0.39063888888888887 0.006203125 0.010722222222222222
0 0.7519921875 0.151625 0.006609375000000001 0.012638888888888889
1 0.10099218750000001 0.04801388888888889 0.015867187499999998 0.026305555555555558