1 0.270703125 0.5 0.54140625 1
1 0.6040859375000001 0.22401388888888887 0.061164062500000005 0.21756944444444445
1 0.7478828125 0.5866944444444445 0.084984375 0.1307361111111111
1 0.9108046875 0.6202083333333334 0.1783984375 0.44931944444444444
1 0.825234375 0.42923611111111115 0.1134453125 0.09886111111111112
1 0.749125 0.028930555555555553 0.0564453125 0.057861111111111106
1 0.92546875 0.104 0.1490703125 0.208
0 0.107671875 0.7632222222222222 0.0256796875 0.040652777777777774
0 0.1511875 0.7376805555555556 0.0216484375 0.03015277777777778
0 0.13434375 0.7191805555555555 0.014546875 0.012944444444444444
0 0.9390468750000001 0.5669722222222222 0.0241953125 0.018180555555555554
0 0.7618125 0.19375 0.009710937499999999 0.022236111111111113
0 0.7830468749999999 0.21515277777777778 0.024281249999999997 0.03179166666666667
0 0.716609375 0.02736111111111111 0.0072578124999999995 0.049472222222222216
0 0.722734375 0.16708333333333333 0.008179687500000001 0.01686111111111111
0 0.8036875 0.19869444444444445 0.008671874999999999 0.008791666666666666
0 0.753109375 0.82975 0.0094921875 0.012958333333333334
0 0.6090859375 0.672625 0.00625 0.015000000000000001
0 0.6559140625000001 0.43870833333333337 0.010734375 0.016
1 0.6796015625 0.13636111111111113 0.030765625 0.14913888888888888
0 0.7657890625 0.4118472222222222 0.00815625 0.009125000000000001
1 0.8328125 0.9634722222222223 0.0424375 0.072875
1 0.784625 0.9822500000000001 0.016671875 0.020847222222222222
1 0.7994687500000001 0.7329583333333334 0.0445234375 0.17276388888888888