1 0.60946875 0.5001666666666666 0.7810625 0.9996666666666667
0 0.25234375 0.3060972222222222 0.01059375 0.012902777777777777
0 0.2954453125 0.3064027777777778 0.0080859375 0.013819444444444443
0 0.618046875 0.09602777777777778 0.0122265625 0.025583333333333336
0 0.7516796875 0.132875 0.03596875 0.02201388888888889
0 0.7589765625 0.09484722222222224 0.009585937499999999 0.02386111111111111
0 0.351328125 0.6406527777777777 0.0064453125 0.01351388888888889
0 0.3279140625 0.5396249999999999 0.0063437499999999996 0.009972222222222223
0 0.446984375 0.3882083333333333 0.0052812499999999995 0.01165277777777778
1 0.10510937499999999 0.03306944444444444 0.01521875 0.027555555555555555
1 0.14984375 0.07977777777777778 0.0426875 0.15955555555555556