1 0.2560546875 0.5 0.512109375 1
1 0.5930625 0.19361111111111112 0.1130625 0.30041666666666667
1 0.7015390625 0.5819444444444445 0.055374999999999994 0.0932361111111111
1 0.8717499999999999 0.6297083333333333 0.2565 0.7405833333333334
1 0.7718125 0.39137500000000003 0.05615625 0.05159722222222222
1 0.6958046875 0.028944444444444443 0.06233593750000001 0.057875
1 0.9145625000000001 0.104 0.1612578125 0.208
1 0.80059375 0.07302777777777777 0.032070312499999996 0.08733333333333333
0 0.0764375 0.8217638888888888 0.0256796875 0.04968055555555556
0 0.114390625 0.7944444444444444 0.012328124999999999 0.024847222222222222
0 0.09957812499999999 0.7743333333333333 0.0111171875 0.012944444444444444
0 0.8167421875 0.9669305555555556 0.0073281250000000004 0.03123611111111111
0 0.841421875 0.9872638888888889 0.015515625 0.025472222222222222
0 0.8877656249999999 0.5147361111111112 0.0108203125 0.014611111111111111
0 0.7102734374999999 0.1691527777777778 0.0043749999999999995 0.022236111111111113
0 0.73153125 0.18855555555555553 0.027226562500000002 0.04540277777777778
0 0.660046875 0.011666666666666667 0.0072578124999999995 0.023319444444444445
0 0.671015625 0.150625 0.0058515625 0.01913888888888889