1 0.60946875 0.5001666666666666 0.7810625 0.9996666666666667
0 0.250859375 0.30572222222222223 0.01059375 0.012902777777777777
0 0.295765625 0.3050833333333333 0.0080859375 0.013819444444444443
0 0.6182578125 0.10055555555555556 0.0092578125 0.025583333333333336
0 0.7521953124999999 0.132875 0.037 0.02201388888888889
0 0.7588828125 0.09568055555555556 0.009398437499999999 0.022194444444444444
0 0.817 0.5859166666666666 0.01896875 0.021402777777777778
0 0.351328125 0.6406527777777777 0.0064453125 0.01351388888888889
0 0.3279140625 0.5396249999999999 0.0063437499999999996 0.009972222222222223
1 0.10489843750000001 0.03218055555555556 0.0131015625 0.030805555555555555
1 0.15040625000000002 0.07927777777777778 0.0415625 0.15855555555555556