1 0.3187734375 0.310125 0.5255625 0.6202361111111111
1 0.27721874999999996 0.7549027777777777 0.0730390625 0.15156944444444445
1 0.27749999999999997 0.9264027777777778 0.0456953125 0.04658333333333333
1 0.45493750000000005 0.8833888888888889 0.0523671875 0.13466666666666666
1 0.774859375 0.3485833333333333 0.073890625 0.2558611111111111
1 0.8955703125 0.2930416666666667 0.043 0.06559722222222222
1 0.9772109375 0.15280555555555556 0.0455703125 0.13552777777777777
0 0.24634375 0.550125 0.017906250000000002 0.04575
0 0.2021484375 0.6079861111111111 0.007062499999999999 0.024138888888888887
0 0.274109375 0.5294027777777778 0.022093750000000002 0.04440277777777778
0 0.9943125 0.40169444444444447 0.011375 0.024819444444444446
0 0.9809687500000001 0.131375 0.02484375 0.057361111111111106
0 0.7841328125 0.46956944444444443 0.014453125 0.01851388888888889
0 0.7128593750000001 0.754263888888889 0.005796875 0.00836111111111111
0 0.7030078125 0.5560416666666667 0.008859375 0.016583333333333332