1 0.701546875 0.5 0.5969140625 1
0 0.53125 0.9069999999999999 0.061796874999999994 0.09134722222222222
0 0.5924453125 0.230375 0.021921875 0.07377777777777778
0 0.56575 0.23555555555555555 0.010703124999999999 0.012402777777777778
0 0.5575078125 0.26918055555555553 0.014624999999999999 0.022541666666666668
0 0.5709921875 0.2718611111111111 0.0048046875 0.009666666666666667
0 0.7659765625 0.3551666666666667 0.01209375 0.014180555555555557
0 0.6765703125 0.5246944444444444 0.006171875 0.016069444444444445
0 0.898109375 0.3375138888888889 0.008078125 0.010597222222222221
0 0.7500546875 0.6244166666666666 0.0064375000000000005 0.013819444444444443
0 0.79971875 0.6495972222222222 0.007789062500000001 0.012791666666666668