1 0.6052734375 0.5 0.789453125 1
0 0.1539296875 0.006388888888888888 0.0057734375 0.012277777777777778
0 0.24574218750000001 0.3109722222222222 0.008765625 0.01811111111111111
0 0.2910390625 0.31455555555555553 0.0074609375000000006 0.010944444444444444
0 0.5119765625 0.7424861111111112 0.0057890625 0.013791666666666666
0 0.6111015625 0.09659722222222222 0.011203125 0.029319444444444443
0 0.7450390625 0.12741666666666665 0.0380546875 0.030819444444444448
0 0.8162421875 0.5759583333333333 0.010109375 0.010944444444444444
0 0.3476484375 0.6485000000000001 0.00578125 0.011805555555555555
0 0.3960234375 0.7398333333333332 0.0079453125 0.01165277777777778
1 0.1003671875 0.051819444444444446 0.0210390625 0.035180555555555555
1 0.14984375 0.05166666666666667 0.032265625 0.10331944444444445