1 0.290234375 0.5 0.5804765625 1
1 0.6619609375 0.20222222222222222 0.1164765625 0.24962499999999999
1 0.8462578125 0.43956944444444446 0.0556640625 0.05390277777777778
1 0.7378828125 0.656625 0.018609375 0.043013888888888886
1 0.9351015625000001 0.6464305555555556 0.12980468750000002 0.3950277777777778
1 0.9605546875 0.12073611111111113 0.078890625 0.24147222222222225
1 0.8859296875 0.10176388888888889 0.020078125 0.04209722222222222
1 0.7955703125 0.029333333333333336 0.028210937499999998 0.05866666666666667
0 0.1318125 0.7387222222222222 0.014171875 0.021083333333333332
0 0.80796875 0.22779166666666664 0.0199296875 0.03358333333333333
0 0.7866171875 0.4241805555555556 0.0119296875 0.013166666666666667
0 0.9584843749999999 0.5931666666666666 0.01959375 0.01929166666666667
0 0.765390625 0.8482361111111112 0.0111484375 0.015180555555555555
0 0.7886171875 0.20484722222222224 0.0035000000000000005 0.014319444444444445
0 0.6221328125000001 0.6775 0.0067734375 0.015569444444444445