1 0.5 0.5 1 1
0 0.066640625 0.8407222222222223 0.01525 0.03925
0 0.470265625 0.7267916666666666 0.0239453125 0.021958333333333333
0 0.6988828125000001 0.856111111111111 0.0350703125 0.04676388888888889
0 0.836578125 0.7712222222222221 0.0082265625 0.018569444444444444
0 0.7857265625000001 0.7080277777777777 0.036171875 0.08686111111111111
0 0.8024374999999999 0.6467777777777778 0.0284609375 0.017138888888888888
0 0.8241640625000001 0.6022361111111111 0.018640625 0.043805555555555556
0 0.8057734375000001 0.14602777777777778 0.05938281250000001 0.06906944444444443
0 0.7931484375 0.10320833333333333 0.0073437500000000005 0.006916666666666667
0 0.8031484375 0.09937499999999999 0.007718750000000001 0.009305555555555556
0 0.3315234375 0.1361111111111111 0.016328125 0.017458333333333333