1 0.22103125 0.4258888888888889 0.4420625 0.8517777777777777
1 0.186546875 0.9070416666666667 0.0877421875 0.16476388888888888
1 0.3918828125 0.9084027777777777 0.0958984375 0.18319444444444447
1 0.8450546875 0.11809722222222223 0.3098984375 0.23554166666666668
1 0.790296875 0.9052222222222223 0.031109375 0.035444444444444445
1 0.9286875 0.6910833333333333 0.1407734375 0.33861111111111114
1 0.8461953125000001 0.91425 0.025773437500000003 0.04545833333333333
1 0.734203125 0.6340833333333333 0.0378046875 0.082125
1 0.6188046875000001 0.2742222222222222 0.061257812499999995 0.28256944444444443
0 0.6307968749999999 0.3784722222222222 0.015484375 0.017361111111111112
0 0.8065625000000001 0.22829166666666667 0.025640625 0.031180555555555555
0 0.9490234375 0.594625 0.0292578125 0.02402777777777778
0 0.6084296874999999 0.6713611111111111 0.0090625 0.015194444444444444
0 0.752765625 0.8432916666666667 0.010859375000000001 0.010916666666666667
0 0.8493359375 0.7989166666666667 0.0096796875 0.008152777777777778
0 0.1054296875 0.7205555555555555 0.0268125 0.045375000000000006
0 0.13946875 0.7942083333333334 0.00728125 0.017388888888888888