1 0.6176953125 0.5 0.7646015625 1
1 0.1824296875 0.06551388888888889 0.10071875 0.13102777777777777
0 0.170109375 0.11759722222222223 0.0108046875 0.024347222222222225
0 0.23247656249999998 0.12165277777777778 0.0103671875 0.01615277777777778
0 0.2683125 0.4269444444444444 0.008671874999999999 0.014430555555555556
0 0.295234375 0.5611388888888889 0.0105859375 0.021097222222222222
0 0.3429921875 0.5692638888888889 0.013125000000000001 0.017361111111111112
0 0.4306328125 0.2330138888888889 0.006742187500000001 0.013541666666666667
0 0.20299218749999998 0.06376388888888888 0.006828125 0.010416666666666666
0 0.8075234375000001 0.9855972222222222 0.0051796875 0.00975
1 0.222171875 0.47230555555555553 0.027609375000000002 0.04608333333333333