1 0.60946875 0.5001666666666666 0.7810625 0.9996666666666667
0 0.2517421875 0.3066111111111111 0.009523437499999999 0.012902777777777777
0 0.2947578125 0.3071111111111111 0.0061171875 0.012875
0 0.6174453125 0.09461111111111112 0.0087265625 0.02773611111111111
0 0.7513671875 0.13219444444444445 0.0336640625 0.02336111111111111
0 0.75228125 0.11406944444444443 0.006703125 0.008805555555555556
0 0.3510546875 0.6416111111111111 0.0064453125 0.012236111111111113
0 0.327796875 0.5402777777777777 0.0063437499999999996 0.010472222222222223
0 0.7586171875 0.09243055555555556 0.0106640625 0.022930555555555558
0 0.756234375 0.15254166666666666 0.0113671875 0.015333333333333332
0 0.7801796875 0.12966666666666665 0.006171875 0.009875
0 0.5106640625 0.7411388888888889 0.0072890625 0.008791666666666666
1 0.10508593749999999 0.03373611111111111 0.0177890625 0.029611111111111112
1 0.1505546875 0.08072222222222222 0.040078125 0.16144444444444445