1 0.5497578125 0.5001666666666666 0.9004843749999999 0.9996666666666667
0 0.2057265625 0.30554166666666666 0.0102734375 0.012875
0 0.2066328125 0.33879166666666666 0.0174921875 0.034208333333333334
0 0.23244531249999997 0.3155833333333333 0.009953125 0.041402777777777774
0 0.2365625 0.2747777777777778 0.024515625 0.03372222222222222
0 0.320078125 0.9565277777777779 0.043226562499999996 0.049972222222222216
0 0.7170234375 0.2310972222222222 0.0224375 0.025277777777777777
0 0.6795 0.26219444444444445 0.011578125 0.01698611111111111
0 0.5267031249999999 0.25698611111111114 0.0065078125 0.014722222222222222
0 0.42624218750000004 0.33116666666666666 0.012890625 0.0155
0 0.3806953125 0.5315555555555556 0.0116484375 0.023458333333333335
0 0.5058203125 0.5685416666666667 0.0084453125 0.011388888888888888
0 0.4605546875 0.5759027777777778 0.0064375000000000005 0.010263888888888888