1 0.6119765625 0.5 0.7760390625 1
1 0.1509453125 0.0715 0.0363125 0.14301388888888888
0 0.29289062499999996 0.312625 0.0075625 0.014138888888888888
0 0.2494296875 0.31145833333333334 0.00834375 0.01927777777777778
0 0.7468359375 0.12930555555555553 0.035921875 0.03238888888888889
0 0.326421875 0.5441388888888888 0.005984375 0.01375
0 0.39415625 0.737875 0.0091328125 0.008166666666666666
0 0.6115703124999999 0.09763888888888889 0.00965625 0.021305555555555557
0 0.8129921875000001 0.5810138888888888 0.0139375 0.016291666666666666
0 0.156609375 0.006694444444444445 0.0063750000000000005 0.013375000000000001
0 0.8010468749999999 0.4413888888888889 0.006921874999999999 0.008055555555555555
1 0.102828125 0.04495833333333333 0.015101562499999999 0.018569444444444444