1 0.5 0.5 1 1
0 0.70853125 0.8527083333333334 0.035859375 0.033638888888888885
0 0.7971484375 0.7035277777777778 0.0285078125 0.06408333333333334
0 0.810671875 0.6520277777777778 0.0268671875 0.018541666666666665
0 0.8455703124999999 0.7722777777777777 0.0044453125000000005 0.012638888888888889
0 0.81596875 0.1578888888888889 0.0467890625 0.06120833333333334
0 0.796296875 0.12016666666666666 0.007609375 0.009125000000000001
0 0.8120937500000001 0.10184722222222221 0.007609375 0.008402777777777778
0 0.7998828125 0.10486111111111111 0.006203125 0.007152777777777778
0 0.0676875 0.8816388888888889 0.004609375000000001 0.012041666666666666
0 0.0750546875 0.8365277777777778 0.013718749999999998 0.026444444444444444
0 0.78534375 0.7506666666666667 0.004265625 0.00798611111111111
0 0.8361171875 0.6047916666666666 0.0188515625 0.041277777777777774
0 0.8129062499999999 0.120125 0.0069140625 0.006958333333333333
0 0.3365703125 0.13694444444444442 0.0220078125 0.01686111111111111