1 0.5 0.5 1 1
0 0.6585625 0.9047361111111111 0.033484375 0.033888888888888885
0 0.7978125 0.8141666666666667 0.0084765625 0.014569444444444444
0 0.7461562500000001 0.7487638888888889 0.028171875000000002 0.059875
0 0.765734375 0.6912222222222222 0.0114609375 0.029444444444444443
0 0.785546875 0.6677777777777778 0.01353125 0.020708333333333332
0 0.75096875 0.1758333333333333 0.0220859375 0.05188888888888889
0 0.7756796875 0.16940277777777776 0.014515624999999999 0.025541666666666667
0 0.42781250000000004 0.7784166666666668 0.008265625 0.021736111111111112
0 0.7789296875 0.6386805555555556 0.0111953125 0.01865277777777778
0 0.21081249999999999 0.906986111111111 0.005859375 0.010208333333333333