1 0.6071796875000001 0.5 0.7856484375 1
0 0.44123437499999996 0.38975 0.0057890625 0.012083333333333333
0 0.7421562500000001 0.11997222222222222 0.038578125000000005 0.027166666666666665
0 0.8151484375000001 0.5678472222222223 0.0218203125 0.023791666666666666
0 0.419484375 0.5668888888888889 0.008203125 0.012375
0 0.32418749999999996 0.5479027777777777 0.0064453125 0.015680555555555555
0 0.28859375 0.3152083333333333 0.0057109375 0.0125
0 0.78696875 0.5117222222222222 0.0060234375 0.021972222222222223
0 0.798203125 0.4317638888888889 0.003984375 0.008708333333333334
0 0.431734375 0.72675 0.01546875 0.014513888888888889
1 0.1411953125 0.06933333333333333 0.1213828125 0.13866666666666666