1 0.611703125 0.5 0.7766015625 1
0 0.25065624999999997 0.3060972222222222 0.0053046875 0.014972222222222222
0 0.29307812499999997 0.31009722222222225 0.0086015625 0.017736111111111112
0 0.3266796875 0.5423055555555555 0.00859375 0.014624999999999999
0 0.6132187499999999 0.09973611111111111 0.0142421875 0.03148611111111111
0 0.74709375 0.13745833333333332 0.0346796875 0.05468055555555555
1 0.1447890625 0.1213888888888889 0.029164062499999997 0.08725
1 0.15884375 0.022458333333333337 0.02053125 0.04490277777777778
0 0.157390625 0.005166666666666667 0.006500000000000001 0.010333333333333333
0 0.8055859375000001 0.4015833333333333 0.006765625 0.010513888888888889
1 0.101671875 0.043194444444444445 0.01315625 0.02061111111111111