1 0.20317968749999998 0.4235694444444445 0.40635937499999997 0.8471527777777779
1 0.16793750000000002 0.9242361111111111 0.093703125 0.15020833333333333
1 0.368078125 0.92325 0.124171875 0.15218055555555554
1 0.7711640625 0.8665277777777778 0.026320312499999998 0.041402777777777774
1 0.9052265625 0.6377916666666666 0.189546875 0.5246666666666666
1 0.576796875 0.25763888888888886 0.06553125 0.29094444444444445
1 0.8206875 0.09143055555555556 0.3586328125 0.18287499999999998
1 0.7046640625 0.6110416666666667 0.046234375 0.09009722222222223
0 0.5837109375 0.6603194444444445 0.0084609375 0.01638888888888889
0 0.764265625 0.2031527777777778 0.028296875 0.04131944444444444
0 0.912359375 0.5491666666666666 0.028265625 0.023208333333333334
0 0.7303984375 0.8137916666666666 0.00728125 0.017180555555555553
0 0.8239140624999999 0.7567361111111112 0.0130546875 0.008875
0 0.0725390625 0.7725000000000001 0.0246015625 0.042638888888888886