1 0.6100234375 0.5 0.7799453125 1
0 0.7475390625 0.13347222222222221 0.038609375 0.050736111111111114
0 0.6139375 0.095875 0.014000000000000002 0.03422222222222222
0 0.8144296875 0.5801527777777777 0.01775 0.021180555555555557
0 0.3261171875 0.5409166666666666 0.0065390625 0.014291666666666666
0 0.29279687499999996 0.30851388888888887 0.005234375 0.008125
0 0.348703125 0.6439444444444444 0.0082265625 0.014499999999999999
0 0.2490078125 0.30868055555555557 0.0080859375 0.010583333333333333
1 0.1425546875 0.12055555555555555 0.0269296875 0.09088888888888888
1 0.1568515625 0.02702777777777778 0.0226015625 0.05320833333333334
1 0.10186718749999998 0.04008333333333333 0.0121171875 0.024041666666666666