1 0.36707812500000003 0.28829166666666667 0.5195078125 0.5765694444444445
0 0.2829921875 0.5141805555555555 0.0167890625 0.03941666666666666
0 0.309515625 0.5062083333333334 0.01890625 0.05259722222222222
0 0.2391640625 0.5699861111111111 0.00553125 0.020833333333333332
0 0.297359375 0.5973472222222221 0.008296874999999999 0.01025
1 0.3081328125 0.7069305555555556 0.072328125 0.19090277777777775
1 0.2988515625 0.8906944444444443 0.0408359375 0.04463888888888889
1 0.47690625000000003 0.8678055555555556 0.05384375 0.1601388888888889
0 0.8256484374999999 0.5086111111111111 0.013117187499999999 0.02297222222222222
0 0.7377578125 0.5811666666666666 0.00840625 0.012986111111111111
0 0.739609375 0.7870972222222222 0.0074140625000000005 0.010986111111111111
1 0.9507109375 0.024694444444444446 0.024921875 0.04938888888888889
1 0.8168828124999999 0.38472222222222224 0.091 0.25595833333333334
1 0.9429140625000001 0.34358333333333335 0.040453125 0.058791666666666666
0 0.9809453124999999 0.6518472222222222 0.0076875 0.016083333333333335
0 0.9964453125 0.3685555555555556 0.007109374999999999 0.009986111111111112