1 0.250234375 0.37925 0.50046875 0.7585
1 0.21871875 0.8377499999999999 0.08215625 0.16245833333333334
1 0.4209921875 0.8923472222222222 0.07710937500000001 0.17555555555555558
1 0.8198671875000001 0.9690555555555556 0.034453125 0.03873611111111111
1 0.92346875 0.8605972222222222 0.0839140625 0.145125
1 0.781828125 0.6813611111111111 0.0368828125 0.0565
1 0.6731171875 0.29341666666666666 0.0556796875 0.27891666666666665
1 0.7840625 0.20048611111111111 0.035390624999999995 0.07455555555555556
1 0.8513046875000001 0.06068055555555555 0.0526796875 0.1213611111111111
1 0.9388203125000001 0.14434722222222224 0.122359375 0.28868055555555555
0 0.8825468750000001 0.278875 0.028125 0.034180555555555554
0 0.8410703125 0.044722222222222226 0.016593749999999997 0.04909722222222222
0 0.6480390625 0.6940972222222223 0.0090546875 0.01475
0 0.6204531249999999 0.5087916666666666 0.005578125 0.011458333333333333
0 0.689453125 0.4041111111111111 0.0183828125 0.016527777777777777
0 0.9968984375 0.6825972222222223 0.006195312499999999 0.01661111111111111
0 0.11807812499999999 0.7240277777777777 0.0067734375 0.022833333333333334
0 0.1566953125 0.6456944444444445 0.022890625 0.03781944444444445
0 0.18853124999999998 0.6135416666666667 0.0132109375 0.029666666666666668
0 0.1844609375 0.7268888888888889 0.008117187500000001 0.019125
0 0.786296875 0.8973055555555555 0.004078125 0.007500000000000001