1 0.175328125 0.4516944444444445 0.35065625 0.903388888888889
1 0.3476171875 0.9399444444444445 0.09664843749999999 0.12009722222222222
1 0.6621406249999999 0.5655555555555556 0.0426640625 0.07984722222222222
1 0.8882031250000001 0.42277777777777775 0.2235859375 0.8455555555555555
1 0.7371640625 0.8213888888888888 0.0249453125 0.04016666666666667
1 0.58703125 0.124375 0.0397109375 0.10554166666666666
1 0.6313203125 0.019916666666666666 0.031101562500000002 0.03981944444444445
1 0.7519296875 0.07091666666666667 0.0459375 0.1418472222222222
0 0.0346796875 0.8553472222222223 0.025203125 0.042805555555555555
0 0.6919296875 0.16866666666666666 0.022453124999999997 0.03327777777777778
0 0.69996875 0.7720277777777778 0.00671875 0.017013888888888887
0 0.5485625 0.6485555555555556 0.008359374999999999 0.014597222222222222
0 0.8576874999999999 0.47779166666666667 0.0258828125 0.029944444444444444
1 0.5372656250000001 0.7995416666666666 0.0411875 0.06840277777777778
0 0.7923984374999999 0.92825 0.004546875000000001 0.007611111111111112
1 0.782765625 0.9467083333333334 0.025039062499999997 0.02888888888888889