1 0.6055625 0.5 0.788875 1
0 0.29284374999999996 0.30751388888888886 0.007890625 0.011416666666666667
0 0.250484375 0.3088888888888889 0.0064921875000000006 0.010791666666666666
0 0.61415625 0.0932638888888889 0.013242187499999999 0.030069444444444444
0 0.7488671874999999 0.14044444444444446 0.0372421875 0.03856944444444444
0 0.77784375 0.12904166666666667 0.0064453125 0.009458333333333332
0 0.327796875 0.5410416666666666 0.0084921875 0.011750000000000002
0 0.3505859375 0.6462916666666666 0.010015625 0.018194444444444444
0 0.75009375 0.11418055555555555 0.0056328125 0.009180555555555556
0 0.7553828125 0.09877777777777778 0.0071953125 0.013583333333333333
1 0.1449765625 0.12652777777777777 0.025070312500000004 0.04008333333333333
1 0.1023828125 0.036625000000000005 0.015210937499999999 0.029861111111111113
1 0.149296875 0.044097222222222225 0.0405703125 0.08818055555555555