1 0.6122578125 0.5 0.775484375 1
0 0.252765625 0.3034722222222222 0.007710937499999999 0.013625
0 0.2970390625 0.30397222222222225 0.0074921875 0.01188888888888889
0 0.3286640625 0.5390694444444445 0.006867187499999999 0.010972222222222223
0 0.3508515625 0.6412777777777778 0.007421875 0.017097222222222222
0 0.62034375 0.095875 0.010671875 0.026680555555555558
0 0.7673125 0.12877777777777777 0.012015625 0.012194444444444444
0 0.7604062500000001 0.1527361111111111 0.00703125 0.011319444444444444
0 0.742421875 0.12884722222222222 0.016390625 0.024694444444444446
0 0.5152890625000001 0.7412222222222221 0.007656250000000001 0.010847222222222222
0 0.8211640625 0.5842638888888889 0.022421875 0.020805555555555556
0 0.7547109375 0.11476388888888889 0.00425 0.008861111111111111
0 0.7602421875 0.09654166666666668 0.007664062500000001 0.015944444444444445
1 0.10785156250000001 0.03888888888888889 0.0204453125 0.0355
1 0.147 0.07606944444444445 0.042312499999999996 0.15215277777777778