1 0.60946875 0.5001666666666666 0.7810625 0.9996666666666667
0 0.2517421875 0.3066111111111111 0.009523437499999999 0.012902777777777777
0 0.2947578125 0.3071111111111111 0.0061171875 0.012875
0 0.6167265625 0.09461111111111112 0.01015625 0.02773611111111111
0 0.75203125 0.1324861111111111 0.0323359375 0.022777777777777775
0 0.752046875 0.11265277777777778 0.0072968749999999995 0.013041666666666667
0 0.35028125 0.6431805555555555 0.007765625 0.012236111111111113
0 0.327796875 0.5402777777777777 0.0063437499999999996 0.010472222222222223
0 0.757703125 0.093875 0.0095 0.021597222222222223
0 0.757296875 0.1540138888888889 0.006203125 0.011680555555555555
0 0.7785234375 0.12819444444444444 0.006171875 0.013291666666666667
0 0.7727031249999999 0.1428611111111111 0.0043203125 0.005805555555555555
0 0.510234375 0.7411111111111112 0.008 0.009416666666666667
1 0.10315624999999999 0.035333333333333335 0.0150546875 0.026555555555555558
1 0.14921875 0.07601388888888888 0.04215625 0.1520138888888889