1 0.60909375 0.5 0.7818125 1
0 0.2952265625 0.29200000000000004 0.0091015625 0.0185
0 0.3491484375 0.6337083333333333 0.0089375 0.017833333333333333
0 0.3271953125 0.5300972222222222 0.007078125 0.010694444444444444
0 0.6249140625 0.08723611111111111 0.0123046875 0.02622222222222222
0 0.7640625 0.12008333333333332 0.0354453125 0.028874999999999998
0 0.493328125 0.10966666666666666 0.0075625 0.025291666666666667
0 0.2475625 0.2915277777777778 0.00709375 0.0061666666666666675
0 0.7351093750000001 0.9470277777777778 0.005156249999999999 0.01113888888888889
0 0.7708359375 0.07994444444444444 0.0094140625 0.025
1 0.134765625 0.06909722222222223 0.04453125 0.05347222222222222