1 0.6055625 0.5 0.788875 1
0 0.29284374999999996 0.30751388888888886 0.007890625 0.011416666666666667
0 0.250484375 0.3088888888888889 0.0064921875000000006 0.010791666666666666
0 0.61415625 0.0932638888888889 0.013242187499999999 0.030069444444444444
0 0.7488671874999999 0.12018055555555555 0.0372421875 0.07909722222222222
0 0.77784375 0.12904166666666667 0.0064453125 0.009458333333333332
0 0.327796875 0.5410416666666666 0.0084921875 0.011750000000000002
0 0.3505859375 0.6462916666666666 0.010015625 0.018194444444444444
1 0.14590625 0.1280138888888889 0.0269296875 0.03711111111111111
1 0.1021484375 0.036722222222222226 0.0113828125 0.024805555555555556
1 0.14950000000000002 0.044430555555555556 0.0388828125 0.08887500000000001