0 0.020765625 0.4625138888888889 0.01053125 0.019458333333333334
0 0.1672578125 0.6742361111111111 0.0210625 0.03690277777777778
0 0.7947656249999999 0.8932916666666666 0.011664062499999999 0.016444444444444446
0 0.209625 0.6635416666666667 0.0084453125 0.015527777777777777
0 0.8688359374999999 0.2696388888888889 0.028796875 0.03298611111111111
0 0.839015625 0.4679861111111111 0.0088125 0.010194444444444443
0 0.811296875 0.04776388888888889 0.014671875000000001 0.08355555555555555
1 0.3120234375 0.5 0.624046875 1
1 0.773734375 0.6758194444444444 0.0296875 0.08384722222222221
1 0.9525234375 0.7689027777777778 0.0934921875 0.3100833333333333
1 0.8946796875 0.49070833333333336 0.0372109375 0.059263888888888894
1 0.8225703125000001 0.04708333333333333 0.15139843749999998 0.09416666666666666
1 0.9854062499999999 0.034569444444444444 0.029187499999999998 0.06913888888888889
1 0.7217578125 0.20969444444444443 0.1183203125 0.19379166666666667