1 0.6137421875 0.5 0.7725078125 1
0 0.297125 0.30423611111111115 0.007609375 0.01538888888888889
0 0.351421875 0.6407638888888889 0.008265625 0.019680555555555555
0 0.328625 0.5374166666666667 0.0071640625 0.012930555555555556
0 0.6213046875 0.09451388888888888 0.0107734375 0.02786111111111111
0 0.756875 0.12904166666666667 0.033445312500000005 0.020513888888888887
0 0.253578125 0.3018194444444445 0.0084375 0.01475
0 0.4483984375 0.3868333333333333 0.0058671875 0.011958333333333333
0 0.516859375 0.7432916666666666 0.009546875 0.012694444444444446
0 0.76378125 0.15298611111111113 0.0053359375 0.011624999999999998
0 0.7303203125 0.9467222222222222 0.0051015625 0.007333333333333334
0 0.818609375 0.5849722222222222 0.0146640625 0.01983333333333333
1 0.1314453125 0.07083333333333333 0.069140625 0.10833333333333334