1 0.6141171875 0.5 0.771765625 1
0 0.29728125 0.30166666666666664 0.007609375 0.013708333333333333
0 0.351421875 0.6386666666666666 0.008265625 0.0155
0 0.3289375 0.5363055555555556 0.0065390625 0.010694444444444444
0 0.623 0.09231944444444444 0.0107734375 0.02786111111111111
0 0.7600625 0.1284583333333333 0.0309140625 0.021680555555555554
0 0.25303906249999997 0.299625 0.0078125 0.012791666666666668
0 0.44985937500000006 0.38356944444444446 0.0044531250000000005 0.00911111111111111
0 0.5144921874999999 0.745 0.0058203125 0.010722222222222222
0 0.76378125 0.15298611111111113 0.0053359375 0.011624999999999998
0 0.7641015624999999 0.09554166666666668 0.009171875 0.019805555555555555
0 0.7302578125 0.9475 0.00596875 0.008
0 0.8200468750000001 0.5851388888888889 0.01578125 0.022930555555555558
1 0.14040625 0.07683333333333334 0.05121875 0.086625
1 0.1063046875 0.02513888888888889 0.0109921875 0.02266666666666667