1 0.60946875 0.5001666666666666 0.7810625 0.9996666666666667
0 0.250859375 0.30572222222222223 0.01059375 0.012902777777777777
0 0.295765625 0.3050833333333333 0.0080859375 0.013819444444444443
0 0.6182578125 0.09820833333333333 0.0092578125 0.03027777777777778
0 0.7521953124999999 0.132875 0.037 0.02201388888888889
0 0.7561328125 0.10281944444444445 0.011234375000000001 0.034430555555555555
0 0.8173984375 0.5859166666666666 0.0183984375 0.021402777777777778
0 0.5152890625000001 0.7396666666666666 0.0079453125 0.012319444444444444
0 0.351328125 0.6406527777777777 0.0064453125 0.01351388888888889
0 0.3286875 0.5381805555555556 0.0063437499999999996 0.012597222222222223
1 0.10500781249999999 0.031055555555555555 0.01390625 0.028527777777777777
1 0.1495703125 0.08034722222222222 0.0459921875 0.16068055555555555