1 0.24591406249999997 0.5 0.49182031249999997 1
1 0.5418984375 0.21288888888888888 0.057609375 0.18472222222222223
1 0.603953125 0.126375 0.0507109375 0.25275
1 0.6489375 0.026027777777777775 0.0312265625 0.05205555555555555
1 0.8200859375 0.224625 0.2041953125 0.44925
1 0.88884375 0.6270972222222222 0.2223125 0.7458194444444445
1 0.67178125 0.5714444444444444 0.0671796875 0.09293055555555554
0 0.8687109375000001 0.4910277777777778 0.0219375 0.014638888888888887
0 0.6995390625 0.1741111111111111 0.0344921875 0.04538888888888889
0 0.7008281249999999 0.37040277777777775 0.010140625 0.017291666666666667
0 0.71171875 0.7827916666666667 0.0091484375 0.017930555555555557
0 0.8038984375 0.9412361111111112 0.0119296875 0.03384722222222222
0 0.831078125 0.9671944444444445 0.0100546875 0.015361111111111112
0 0.0595234375 0.854 0.024406249999999997 0.051819444444444446
0 0.10225781249999999 0.8254166666666666 0.009523437499999999 0.018736111111111113