1 0.6055625 0.5 0.788875 1
0 0.293921875 0.3085555555555555 0.007890625 0.011416666666666667
0 0.2496015625 0.3088888888888889 0.0082578125 0.010791666666666666
0 0.6148906249999999 0.09718055555555555 0.009421875 0.022916666666666665
0 0.748671875 0.14005555555555557 0.0372421875 0.04666666666666667
0 0.7776015625 0.12929166666666667 0.0047265625 0.006763888888888889
0 0.32715625 0.5439166666666667 0.0070234375 0.009138888888888889
0 0.3498046875 0.6451527777777778 0.0084453125 0.015930555555555555
0 0.754671875 0.09847222222222222 0.009078125 0.013069444444444444
1 0.1462734375 0.12916666666666668 0.027671875000000002 0.04934722222222222
1 0.10289062499999999 0.037222222222222226 0.015585937499999999 0.02731944444444445
1 0.14976562499999999 0.043250000000000004 0.040757812500000004 0.08531944444444445