1 0.6119765625 0.5 0.7760390625 1
1 0.15421093749999998 0.06380555555555555 0.033171875 0.127625
0 0.2912578125 0.31331944444444443 0.0062421875 0.010125
0 0.24759375 0.30969444444444444 0.0090390625 0.01927777777777778
0 0.744984375 0.13206944444444446 0.034453125 0.030041666666666664
0 0.325265625 0.5449999999999999 0.006828125 0.013152777777777779
0 0.395375 0.7370972222222223 0.0091328125 0.008166666666666666
0 0.8144453125 0.5780694444444444 0.0160234375 0.015236111111111112
0 0.1558671875 0.006694444444444445 0.0063750000000000005 0.013375000000000001
0 0.44264843750000005 0.7388611111111112 0.0043203125 0.012305555555555554
0 0.44296875 0.39037499999999997 0.006203125 0.010722222222222222
1 0.10059375 0.046125 0.016390625 0.023847222222222225