1 0.60946875 0.5 0.7810625 1
0 0.252765625 0.3034722222222222 0.007710937499999999 0.013625
0 0.2970390625 0.30397222222222225 0.0074921875 0.01188888888888889
0 0.3286640625 0.5390694444444445 0.006867187499999999 0.010972222222222223
0 0.3508515625 0.6412777777777778 0.007421875 0.017097222222222222
0 0.62034375 0.095875 0.010671875 0.026680555555555558
0 0.7673125 0.12877777777777777 0.012015625 0.012194444444444444
0 0.7604062500000001 0.1527361111111111 0.00703125 0.011319444444444444
0 0.742421875 0.12884722222222222 0.016390625 0.024694444444444446
0 0.5152890625000001 0.7412222222222221 0.007656250000000001 0.010847222222222222
0 0.8211640625 0.5842638888888889 0.022421875 0.020805555555555556
1 0.130078125 0.06805555555555555 0.06796875 0.11666666666666667