1 0.6128203125 0.5001666666666666 0.7743671875 0.9996666666666667
0 0.25221875 0.30704166666666666 0.009523437499999999 0.012902777777777777
0 0.2950546875 0.3057361111111111 0.008624999999999999 0.014777777777777779
0 0.6174453125 0.09461111111111112 0.0087265625 0.02773611111111111
0 0.7513671875 0.13219444444444445 0.0336640625 0.02336111111111111
0 0.75228125 0.11406944444444443 0.006703125 0.008805555555555556
0 0.3510546875 0.6409722222222223 0.0064453125 0.01351388888888889
0 0.327796875 0.5400694444444445 0.0063437499999999996 0.010902777777777777
0 0.75909375 0.09158333333333334 0.011617187499999999 0.024625
0 0.756234375 0.15254166666666666 0.0113671875 0.015333333333333332
0 0.7801796875 0.12966666666666665 0.006171875 0.009875
0 0.44692187499999997 0.3876111111111111 0.0078046875 0.011416666666666667
0 0.510921875 0.7411666666666666 0.00559375 0.009041666666666667
1 0.1035859375 0.034958333333333334 0.01428125 0.031180555555555555
1 0.1496796875 0.08105555555555556 0.0428359375 0.16211111111111112