1 0.87746875 0.03958333333333333 0.0664921875 0.07915277777777778
1 0.9693125 0.073875 0.061382812499999995 0.1477638888888889
1 0.6622578125 0.2828611111111111 0.3888671875 0.5657222222222222
1 0.2355 0.081 0.0803046875 0.1620138888888889
1 0.34084375 0.13891666666666666 0.036546875 0.06897222222222221
0 0.24153125000000003 0.04338888888888889 0.0107734375 0.015777777777777776
0 0.804171875 0.3287777777777778 0.0078046875 0.015611111111111112
0 0.845890625 0.5469583333333333 0.009273437499999999 0.021680555555555554
1 0.2452578125 0.566125 0.0217578125 0.041027777777777774
1 0.0134375 0.10338888888888889 0.026875 0.058472222222222224
0 0.0302109375 0.14209722222222224 0.0040625 0.011555555555555557