1 0.396625 0.32593055555555556 0.6606953125 0.648
1 0.88425 0.22852777777777777 0.23149999999999998 0.4570694444444444
1 0.9854375 0.6103888888888889 0.029125 0.07373611111111111
1 0.98040625 0.9799444444444444 0.0391875 0.040125
1 0.9251796875 0.9476666666666668 0.057351562499999995 0.04495833333333333
1 0.8547890625000001 0.793375 0.02834375 0.041749999999999995
1 0.5247734375 0.8683888888888889 0.1399453125 0.2632361111111111
0 0.140921875 0.33670833333333333 0.0106171875 0.025694444444444443
0 0.2541484375 0.5730833333333334 0.0224765625 0.048583333333333326
0 0.289546875 0.5628055555555556 0.018578125 0.04188888888888889
0 0.70890625 0.5613472222222222 0.0104453125 0.018819444444444444
0 0.944296875 0.58625 0.00959375 0.014041666666666666
0 0.9912265625 0.39055555555555554 0.017546875 0.03301388888888889
0 0.9808359375 0.35375 0.0087734375 0.012347222222222223
0 0.95590625 0.17579166666666665 0.0056796875 0.006305555555555556
0 0.9583125000000001 0.15933333333333333 0.0049921875 0.008875
0 0.9596484375 0.11476388888888889 0.009390625 0.01877777777777778