1 0.60909375 0.5 0.7818125 1
0 0.2981171875 0.3011388888888889 0.0059375 0.014944444444444444
0 0.3526328125 0.6391527777777778 0.007828125 0.015694444444444445
0 0.3289375 0.5363055555555556 0.0065390625 0.010694444444444444
0 0.622234375 0.09645833333333334 0.009890625 0.022083333333333333
0 0.759171875 0.13115277777777778 0.033703125 0.026027777777777775
0 0.2533515625 0.30025 0.0084453125 0.011541666666666667
0 0.7305312500000001 0.9474583333333333 0.00378125 0.009097222222222222
0 0.44985937500000006 0.38356944444444446 0.0044531250000000005 0.00911111111111111
1 0.13828125 0.07534722222222222 0.04609375 0.07708333333333334
1 0.10578125000000001 0.021930555555555554 0.014234374999999999 0.02459722222222222