1 0.6119765625 0.5 0.7760390625 1
1 0.15128906250000002 0.05609722222222222 0.029703125000000004 0.11219444444444444
0 0.29028125 0.3138888888888889 0.006890625 0.011277777777777777
0 0.2458984375 0.3138611111111111 0.0090390625 0.01927777777777778
0 0.746625 0.1347361111111111 0.0357421875 0.03983333333333333
0 0.39446875000000003 0.7395277777777778 0.0108203125 0.011
0 0.8131171875 0.5765416666666667 0.0101484375 0.015819444444444445
0 0.1546953125 0.006694444444444445 0.0063750000000000005 0.013375000000000001
0 0.4435390625 0.742375 0.0044609375 0.011583333333333333
0 0.6109921875000001 0.10031944444444445 0.008015625 0.02381944444444444
1 0.1008359375 0.05190277777777778 0.0206484375 0.03113888888888889