1 0.6137421875 0.5 0.7725078125 1
0 0.297125 0.30362500000000003 0.007609375 0.01538888888888889
0 0.351421875 0.6407638888888889 0.008265625 0.019680555555555555
0 0.328625 0.5374166666666667 0.0071640625 0.012930555555555556
0 0.6211875 0.09408333333333332 0.0107734375 0.02786111111111111
0 0.7578359375 0.12904166666666667 0.0353671875 0.020513888888888887
0 0.2533515625 0.30059722222222224 0.0084375 0.01475
0 0.4483984375 0.3868333333333333 0.0058671875 0.011958333333333333
0 0.5144921874999999 0.745 0.0058203125 0.010722222222222222
0 0.76378125 0.15298611111111113 0.0053359375 0.011624999999999998
0 0.7303203125 0.9467222222222222 0.0051015625 0.007333333333333334
0 0.8210703125000001 0.5858194444444444 0.0164609375 0.01983333333333333
1 0.132421875 0.06736111111111111 0.06953125 0.10416666666666667