1 0.60984375 0.5 0.7803203125 1
0 0.252765625 0.3034722222222222 0.007710937499999999 0.013625
0 0.2970390625 0.30397222222222225 0.0074921875 0.01188888888888889
0 0.3286640625 0.5390694444444445 0.006867187499999999 0.010972222222222223
0 0.3508515625 0.6412777777777778 0.007421875 0.017097222222222222
0 0.62034375 0.095875 0.010671875 0.026680555555555558
0 0.760734375 0.1530277777777778 0.00703125 0.011319444444444444
0 0.75196875 0.13393055555555555 0.034835937500000004 0.02672222222222222
0 0.5152890625000001 0.7412222222222221 0.007656250000000001 0.010847222222222222
0 0.8211640625 0.5842638888888889 0.022421875 0.020805555555555556
0 0.7540546875 0.11375 0.007515625 0.012638888888888889
0 0.7602421875 0.09654166666666668 0.007664062500000001 0.015944444444444445
1 0.10513281249999999 0.03061111111111111 0.017140625 0.03204166666666667
1 0.148140625 0.0780138888888889 0.0448359375 0.15604166666666666