1 0.5 0.5 1 1
0 0.715234375 0.8548749999999999 0.034640625 0.029305555555555557
0 0.801578125 0.7064583333333333 0.036953124999999996 0.072875
0 0.831265625 0.6240138888888889 0.042515625 0.07456944444444444
0 0.7923359375000001 0.7539722222222223 0.0038281250000000004 0.010444444444444444
0 0.8257421875000001 0.15666666666666668 0.049875 0.07584722222222222
0 0.8067734375000001 0.10670833333333334 0.007078125 0.009125000000000001
0 0.8231796875 0.08729166666666667 0.0223984375 0.01622222222222222
0 0.3415625 0.138125 0.013640625 0.01623611111111111
0 0.819421875 0.10266666666666667 0.006203125 0.007152777777777778
0 0.073546875 0.8797916666666667 0.0048671875 0.013888888888888888
0 0.0800078125 0.8349027777777778 0.013718749999999998 0.023194444444444445