1 0.6119765625 0.5 0.7760390625 1
1 0.15184375 0.06380555555555555 0.032218750000000004 0.127625
0 0.290734375 0.3126111111111111 0.0062421875 0.010125
0 0.24759375 0.30969444444444444 0.0090390625 0.01927777777777778
0 0.74703125 0.12940277777777778 0.0313515625 0.024708333333333332
0 0.395375 0.7370972222222223 0.0091328125 0.008166666666666666
0 0.8137421874999999 0.5760277777777778 0.012023437500000001 0.008305555555555556
0 0.1558671875 0.006694444444444445 0.0063750000000000005 0.013375000000000001
0 0.44341406250000004 0.39063888888888887 0.006203125 0.010722222222222222
0 0.7524453125 0.15055555555555555 0.006609375000000001 0.012638888888888889
1 0.09959375000000001 0.044736111111111115 0.015617187499999999 0.027763888888888887