1 0.2594375 0.5 0.5188671874999999 1
1 0.6040859375000001 0.22401388888888887 0.061164062500000005 0.21756944444444445
1 0.7091640625 0.6318611111111111 0.022664062500000002 0.034999999999999996
1 0.8841796875 0.6904861111111111 0.231640625 0.6190138888888889
1 0.7718125 0.39137500000000003 0.05615625 0.05159722222222222
1 0.732921875 0.028930555555555553 0.0572890625 0.057875
1 0.92546875 0.104 0.1490703125 0.208
1 0.8381093749999999 0.07866666666666666 0.021976562499999998 0.06029166666666666
0 0.10006250000000001 0.7758611111111111 0.0256796875 0.04968055555555556
0 0.14158593749999998 0.7538333333333334 0.0216484375 0.028319444444444446
0 0.126796875 0.7362500000000001 0.0111171875 0.012944444444444444
0 0.8316328125 0.9825972222222222 0.030171874999999997 0.034805555555555555
0 0.905421875 0.5281527777777778 0.0241953125 0.014611111111111111
0 0.7469765625 0.1870138888888889 0.0078203125 0.022236111111111113
0 0.768734375 0.20505555555555555 0.027226562500000002 0.03179166666666667
0 0.7010390625 0.02773611111111111 0.0072578124999999995 0.039
0 0.7075859375 0.16277777777777777 0.008179687500000001 0.023972222222222225
0 0.7340078125 0.3891527777777778 0.008671874999999999 0.010625
0 0.744921875 0.8180972222222221 0.01075 0.012958333333333334
0 0.60215625 0.6681388888888888 0.0090234375 0.015000000000000001
0 0.6424453125 0.43459722222222225 0.010734375 0.016
1 0.6625546875 0.1348611111111111 0.0341328125 0.15512499999999999