1 0.2594375 0.5 0.5188671874999999 1
1 0.60315625 0.17427777777777778 0.1239296875 0.22862500000000002
1 0.7085859375 0.5935416666666667 0.0456484375 0.09119444444444444
1 0.8717499999999999 0.6297083333333333 0.2565 0.7405833333333334
1 0.7718125 0.39137500000000003 0.05615625 0.05159722222222222
1 0.7051171875 0.028944444444444443 0.06233593750000001 0.057875
1 0.92546875 0.104 0.1490703125 0.20801388888888891
1 0.8134062500000001 0.07509722222222222 0.021976562499999998 0.07766666666666668
0 0.08151562500000001 0.8019027777777777 0.0256796875 0.04968055555555556
0 0.125484375 0.7764027777777778 0.016765625 0.024847222222222222
0 0.10971875 0.7596805555555556 0.0111171875 0.012944444444444444
0 0.8316328125 0.9825972222222222 0.030171874999999997 0.034805555555555555
0 0.905421875 0.5281527777777778 0.0241953125 0.014611111111111111
0 0.7244609375 0.17527777777777778 0.0078203125 0.022236111111111113
0 0.7447890625 0.1935138888888889 0.027226562500000002 0.034555555555555555
0 0.677359375 0.02359722222222222 0.0072578124999999995 0.034861111111111114
0 0.6850703125 0.15345833333333334 0.0058515625 0.01913888888888889
0 0.7340078125 0.3891527777777778 0.008671874999999999 0.010625