1 0.175328125 0.4516944444444445 0.35065625 0.903388888888889
1 0.33459374999999997 0.9399444444444445 0.122703125 0.12009722222222222
1 0.6621406249999999 0.5655555555555556 0.0426640625 0.07984722222222222
1 0.8882031250000001 0.42277777777777775 0.2235859375 0.8455555555555555
1 0.7391015624999999 0.8209305555555556 0.0249453125 0.02765277777777778
1 0.58703125 0.124375 0.0397109375 0.10554166666666666
1 0.6313203125 0.019916666666666666 0.031101562500000002 0.03981944444444445
1 0.7519296875 0.07091666666666667 0.0459375 0.1418472222222222
0 0.0346796875 0.8553472222222223 0.025203125 0.042805555555555555
0 0.6919296875 0.16866666666666666 0.022453124999999997 0.03327777777777778
0 0.69996875 0.7720277777777778 0.00671875 0.017013888888888887
0 0.5485625 0.6485555555555556 0.008359374999999999 0.014597222222222222
0 0.8576874999999999 0.47779166666666667 0.0258828125 0.029944444444444444
1 0.527015625 0.7835138888888888 0.034687499999999996 0.08045833333333333
1 0.7755390625 0.9396944444444445 0.0366875 0.04761111111111111
0 0.7913671875 0.9278194444444444 0.008125 0.006097222222222222
1 0.17963281250000002 0.9904722222222222 0.0332265625 0.019055555555555555