1 0.5 0.5 1 1
0 0.0103046875 0.8752222222222221 0.020609375 0.03776388888888889
0 0.11292187499999999 0.977875 0.010132812500000001 0.015333333333333332
0 0.6640859375 0.6960833333333334 0.014265625 0.025694444444444443
0 0.632671875 0.6698472222222223 0.0119453125 0.025583333333333336
0 0.7149296875 0.5786666666666667 0.02078125 0.017055555555555553
0 0.7166171875 0.5616944444444445 0.008640625 0.016416666666666666
0 0.7255625 0.5429444444444445 0.007789062500000001 0.014416666666666668
0 0.7159453124999999 0.5396805555555555 0.0060859375 0.010486111111111111
0 0.934234375 0.4876666666666667 0.0313125 0.033388888888888885
0 0.9785937499999999 0.45765277777777774 0.0125859375 0.01275