1 0.5 0.5 1 1
0 0.70371875 0.8502083333333333 0.035859375 0.028652777777777777
0 0.7906640625 0.7006388888888888 0.03175 0.06737499999999999
0 0.8053437499999999 0.6491388888888889 0.0268671875 0.018541666666666665
0 0.84128125 0.770625 0.007453125 0.012638888888888889
0 0.8125312499999999 0.14959722222222221 0.054156249999999996 0.06819444444444445
0 0.7957109375 0.10355555555555555 0.006203125 0.007152777777777778
0 0.068640625 0.839375 0.013718749999999998 0.026444444444444444
0 0.77978125 0.7510833333333333 0.004265625 0.00798611111111111
0 0.8310234375000001 0.6047916666666666 0.0188515625 0.041277777777777774
0 0.3365703125 0.13694444444444442 0.0220078125 0.01686111111111111
0 0.47375 0.72675 0.022640625 0.023416666666666665