1 0.179796875 0.38575000000000004 0.3596015625 0.7715000000000001
1 0.07125000000000001 0.8598888888888889 0.03578125 0.11530555555555555
1 0.20234375 0.9772638888888889 0.029031249999999998 0.04545833333333333
1 0.33253125 0.8674166666666666 0.1472890625 0.2651527777777778
1 0.49645312500000005 0.8004305555555555 0.0989296875 0.2555694444444444
1 0.6681874999999999 0.5568055555555556 0.052968749999999995 0.08897222222222223
1 0.6073359375 0.09383333333333334 0.0755 0.18768055555555554
1 0.6914687500000001 0.08248611111111111 0.032671875 0.14498611111111112
1 0.86675 0.13191666666666668 0.2665 0.26383333333333336
1 0.8935390625 0.5549027777777777 0.212921875 0.5821388888888889
1 0.6385156249999999 0.3571388888888889 0.1063046875 0.126
0 0.0411796875 0.8580416666666666 0.0259296875 0.06179166666666667
0 0.859203125 0.4779583333333333 0.027515625 0.03875
0 0.6933828125 0.17254166666666668 0.026687499999999996 0.04172222222222222
0 0.582703125 0.4126944444444444 0.0082578125 0.01938888888888889
0 0.5436093750000001 0.36037500000000006 0.0181015625 0.01363888888888889
0 0.6879921875 0.36811111111111117 0.0111875 0.018819444444444444
0 0.7012578125 0.7751250000000001 0.00925 0.01952777777777778
0 0.7925 0.9293055555555556 0.0093125 0.013402777777777779
1 0.781484375 0.9161944444444444 0.03653125 0.088