1 0.443578125 0.30730555555555555 0.6494296875 0.6145972222222222
1 0.9751406250000001 0.06829166666666667 0.0497109375 0.13658333333333333
1 0.88090625 0.8388888888888889 0.0241640625 0.030597222222222224
1 0.52928125 0.9084583333333334 0.1038828125 0.18306944444444445
0 0.186 0.29930555555555555 0.0106171875 0.025694444444444443
0 0.2905078125 0.5504305555555555 0.0208828125 0.048583333333333326
0 0.3206015625 0.5387361111111111 0.021234375 0.04661111111111112
0 0.70890625 0.5613472222222222 0.0104453125 0.018819444444444444
0 0.9798203125 0.6382638888888889 0.00959375 0.014041666666666666
1 0.9299453124999999 0.02073611111111111 0.030679687500000004 0.04145833333333333
1 0.889 0.3274722222222222 0.1543671875 0.21768055555555554