1 0.6052734375 0.5 0.789453125 1
0 0.1539296875 0.006388888888888888 0.0057734375 0.012277777777777778
0 0.24574218750000001 0.3109722222222222 0.008765625 0.01811111111111111
0 0.2910390625 0.31455555555555553 0.0074609375000000006 0.010944444444444444
0 0.5119765625 0.7424861111111112 0.0057890625 0.013791666666666666
0 0.6111015625 0.09659722222222222 0.011203125 0.029319444444444443
0 0.74553125 0.12980555555555554 0.034234375 0.024527777777777777
0 0.8146875 0.5787222222222222 0.018312500000000002 0.018486111111111113
0 0.3265625 0.5462083333333333 0.00540625 0.01165277777777778
1 0.102296875 0.06095833333333334 0.025937500000000002 0.04009722222222222
1 0.13884375 0.07419444444444445 0.052109375 0.148375