1 0.5 0.5 1 1
0 0.0459609375 0.8342083333333333 0.014000000000000002 0.025152777777777777
0 0.4564375 0.724736111111111 0.027875 0.02344444444444444
0 0.67534375 0.8442083333333333 0.0350703125 0.029388888888888888
0 0.8136875 0.7610972222222222 0.0038593750000000004 0.015027777777777779
0 0.7648828125 0.6947361111111111 0.027664062499999996 0.06970833333333333
0 0.7777578125 0.6427638888888889 0.0330625 0.017138888888888888
0 0.8015078125 0.6046805555555556 0.013218750000000001 0.02425
0 0.782359375 0.1480138888888889 0.0459453125 0.079125
0 0.77234375 0.09847222222222222 0.0073437500000000005 0.006916666666666667
0 0.75221875 0.7394166666666666 0.006828125 0.009125000000000001