1 0.60946875 0.5 0.7810625 1
0 0.2533359375 0.3023888888888889 0.006578125 0.011458333333333333
0 0.2970390625 0.30397222222222225 0.0074921875 0.01188888888888889
0 0.328578125 0.5390694444444445 0.005648437500000001 0.010972222222222223
0 0.351203125 0.6392638888888889 0.007421875 0.017097222222222222
0 0.62034375 0.095875 0.010671875 0.026680555555555558
0 0.7653828125000001 0.13083333333333333 0.013671875 0.015527777777777777
0 0.7620625000000001 0.15283333333333335 0.00703125 0.009166666666666667
0 0.7431953124999999 0.13109722222222223 0.016390625 0.01822222222222222
0 0.7607421875 0.0978888888888889 0.0039375 0.011388888888888888
0 0.5149296875 0.7412222222222221 0.006937500000000001 0.010847222222222222
0 0.8211640625 0.5842638888888889 0.022421875 0.020805555555555556
1 0.13125 0.06875 0.0671875 0.12083333333333333