1 0.59775 0.5 0.8045 1
0 0.2444765625 0.2734583333333333 0.0072265625 0.013916666666666666
0 0.2920390625 0.2734027777777778 0.0086953125 0.017694444444444443
0 0.7437890625 0.9495 0.0058125 0.008847222222222222
0 0.3471328125 0.6242222222222222 0.0104140625 0.017833333333333333
0 0.32401562500000003 0.5168194444444445 0.009453125 0.01188888888888889
0 0.632984375 0.059847222222222225 0.01175 0.03726388888888889
0 0.776140625 0.102875 0.0479765625 0.05240277777777777
0 0.7825546875 0.05538888888888889 0.013421875 0.028958333333333336
0 0.4959921875 0.08606944444444445 0.0113046875 0.02731944444444445
1 0.1349921875 0.05406944444444444 0.0345078125 0.043416666666666666