1 0.6062109375 0.5 0.787578125 1
0 0.294078125 0.3076666666666667 0.008796875 0.014069444444444445
0 0.24865624999999997 0.30751388888888886 0.012421875 0.014388888888888889
0 0.6160390625 0.09481944444444444 0.0124609375 0.034805555555555555
0 0.7550546875 0.154 0.013968749999999999 0.01626388888888889
0 0.749625 0.11208333333333334 0.034359375 0.06808333333333334
0 0.77840625 0.1316388888888889 0.0071640625 0.011097222222222222
0 0.349515625 0.644125 0.0086015625 0.020402777777777777
0 0.3278984375 0.5402361111111111 0.0073671875 0.014305555555555556
1 0.10404687500000001 0.03323611111111111 0.01571875 0.034194444444444444
1 0.150578125 0.07791666666666666 0.041046875 0.15534722222222222