1 0.38396093750000004 0.27968055555555554 0.507515625 0.559375
1 0.3256171875 0.6767222222222222 0.0785234375 0.2273611111111111
1 0.31124999999999997 0.8750416666666666 0.0424453125 0.056763888888888885
1 0.48835937500000004 0.8851111111111111 0.050828125 0.13886111111111113
1 0.9695390625 0.3698888888888889 0.0475390625 0.06470833333333334
1 0.8447812499999999 0.40965277777777775 0.086484375 0.2497083333333333
0 0.3035703125 0.498125 0.0192265625 0.030055555555555558
0 0.3306015625 0.49106944444444445 0.015476562499999999 0.043527777777777776
0 0.258609375 0.5509444444444445 0.005671875 0.018958333333333334
0 0.3142109375 0.5791527777777777 0.0044140625000000005 0.006888888888888889
0 0.8451875 0.5330972222222222 0.014124999999999999 0.02348611111111111
1 0.9707968749999999 0.051444444444444445 0.05840625000000001 0.10290277777777779